200 153 35 855
160 175 180 166 160 150 158 176 158 175 170 156 169 159 179 167 166 169 159 153 178 169 161 165 179 153 151 150 163 159 154 173 173 153 163 163 168 154 177 170 157 162 176 168 178 157 176 161 162 163 157 175 153 163 177 159 172 156 168 155 172 158 173 179 168 154 177 173 160 172 180 165 157 172 164 172 180 151 171 159 175 164 155 154 177 163 156 166 150 155 161 155 150 176 162 159 157 175 166 154 168 166 151 176 180 151 164 151 172 161 179 152 173 159 168 165 161 166 174 164 177 162 175 170 161 159 178 173 172 154 157 157 175 164 150 168 167 163 160 178 177 158 174 158 152 173 169 176 172 168 155 156 160 170 158 164 163 151 177 155 177 151 164 156 177 165 164 175 157 151 175 156 174 155 179 155 163 169 178 172 152 180 150 161 177 171 174 170 168 175 159 158 160 161 154 158 168 151 171 169
12 14 15 17 14 13 15 11 15 11 10 10 18 13 12 15 18 11 19 16 18 20 20 16 10 16 18 10 19 18 17 12 13 18 16 18 14 15 11 14 11 16 12 19 20 16 12 11 18 16 16 20 16 19 18 13 18 17 10 19 12 20 18 12 13 16 18 11 12 18 11 17 14 15 10 16 11 10 16 19 10 18 14 18 12 16 17 13 18 11 11 20 14 14 19 16 16 16 17 10 14 17 17 18 19 20 17 17 12 16 14 19 11 12 14 12 10 19 18 19 20 18 14 16 10 20 20 20 11 12 17 16 13 20 18 20 13 17 10 15 13 12 14 13 14 18 12 10 11 15 17 16 11 18 19 11 16 19 17 18 11 11 19 10 17 17 11 16 13 20 10 17 16 13 18 10 14 17 11 13 18 17 10 13 12 11 12 18 16 12 15 18 16 11 12 16 14 20 16 10
145 149 18
155 174 19
27 13 20
70 56 17
132 72 11
189 181 18
122 28 13
31 17 11
85 137 12
133 100 11
30 16 15
81 95 12
42 28 11
171 172 19
25 177 12
121 105 10
97 83 12
92 78 10
58 44 13
94 80 18
142 71 11
8 0 16
83 135 20
53 67 11
102 114 10
47 119 14
167 72 13
153 85 11
44 30 15
51 183 18
179 126 15
118 156 19
117 31 12
23 37 13
38 104 17
91 171 17
53 184 16
99 111 14
68 82 18
22 150 16
36 50 17
5 0 11
69 55 13
18 32 20
45 31 20
163 108 13
103 5 10
127 140 13
65 107 18
17 113 20
0 1 13
166 33 12
86 72 19
81 67 16
25 11 13
9 23 12
0 7 20
38 52 10
8 187 10
154 124 10
195 36 18
9 0 11
176 57 15
29 175 16
4 18 15
101 28 16
11 151 15
15 29 19
168 59 11
59 73 12
32 191 11
41 27 18
12 198 17
53 39 12
172 186 14
0 3 20
12 0 18
35 49 17
14 28 20
6 0 20
125 71 11
26 12 19
20 131 13
0 11 17
91 136 14
50 64 13
68 112 13
2 16 18
89 196 17
8 22 15
55 41 19
118 29 11
102 26 17
145 117 17
54 120 10
6 20 13
70 84 10
60 46 14
84 98 15
96 82 20
24 10 11
72 58 11
33 19 15
130 106 12
3 17 12
15 116 16
183 199 19
88 141 16
75 61 10
18 161 12
57 71 20
56 42 19
40 26 12
33 127 12
57 43 16
144 101 20
24 134 11
19 100 18
47 33 12
77 91 18
109 30 11
23 138 12
15 1 12
128 40 20
19 5 14
63 49 18
3 162 13
60 110 12
25 39 15
66 80 18
124 12 14
70 123 18
159 118 10
193 84 16
143 40 13
115 75 16
45 59 11
172 182 17
148 25 15
61 47 18
38 24 20
139 26 18
112 165 10
14 0 19
77 63 11
158 8 15
51 65 12
68 54 20
13 126 10
139 157 13
78 64 12
46 32 14
157 160 13
170 46 19
0 2 20
99 56 15
104 106 14
22 147 18
51 37 16
90 76 17
48 62 16
194 170 20
48 34 14
188 7 13
83 69 13
155 91 20
38 108 20
105 68 13
143 164 17
192 106 18
93 79 13
66 52 14
21 7 12
73 87 17
75 89 11
169 157 20
129 88 16
20 34 16
185 96 19
0 13 11
180 70 20
190 182 16
155 173 17
0 4 12
10 0 13
71 85 11
88 74 13
1 178 12
57 146 10
22 36 11
79 65 16
73 181 10
62 76 14
197 20 15
54 40 14
29 43 20
60 74 15
152 69 15
35 21 14
