42 59 4 7
9 6 4 5
6 39 6
25 16 4
19 7 3
8 41 2
29 9 1
28 25 1
39 15 6
5 13 3
33 16 6
1 37 11
17 7 2
2 12 5
30 18 12
2 8 3
42 4 10
31 34 12
6 13 7
18 35 5
40 38 7
12 11 10
4 23 3
41 42 5
23 20 10
22 24 9
16 14 2
12 6 4
23 28 2
15 30 3
42 9 12
9 23 8
10 2 8
26 8 8
12 5 4
27 30 1
42 29 8
35 17 3
35 19 12
8 36 12
21 32 4
11 36 8
13 30 11
7 21 10
38 24 7
16 31 7
39 13 2
32 22 9
37 8 4
21 40 10
36 9 9
38 26 9
10 37 7
14 10 6
34 38 11
40 1 4
24 8 6
13 27 3
3 35 7
25 33 12
20 3 11
