128 293 6 30
24 29 63 10 13 39
73 52 7
60 51 4
98 83 11
58 69 4
80 15 8
19 84 12
84 47 2
13 92 7
3 91 13
12 27 14
36 55 9
124 60 3
69 80 10
49 96 14
52 45 14
108 40 8
87 51 10
22 72 3
19 58 5
125 110 13
48 30 1
17 46 13
73 20 4
20 113 1
67 120 4
60 19 10
103 108 2
73 96 9
64 40 13
83 105 15
28 6 13
19 7 1
100 6 9
100 86 12
24 41 9
119 48 1
98 124 13
32 127 7
23 128 12
65 127 8
111 95 2
61 118 11
54 57 8
27 104 7
121 54 15
4 28 12
118 64 4
3 27 2
64 59 1
98 81 6
68 91 5
51 19 7
13 79 4
115 4 3
90 103 7
93 8 14
70 93 9
12 93 2
96 17 7
86 126 10
49 42 10
112 111 14
73 42 2
45 113 13
125 2 2
39 26 11
123 76 3
57 10 9
24 26 12
20 46 8
87 84 8
59 111 3
26 41 10
45 17 6
70 104 8
10 79 12
95 107 15
72 83 12
50 31 2
28 100 14
72 98 12
50 115 8
112 40 15
52 17 15
9 53 4
84 69 4
15 122 6
95 22 9
46 113 15
1 107 10
117 110 5
48 9 5
92 49 2
114 103 2
11 34 9
43 12 1
75 122 15
102 38 1
61 90 2
65 55 4
20 45 6
55 34 6
17 113 11
65 32 3
38 64 15
110 37 3
82 50 13
35 123 8
123 77 15
54 76 4
108 112 2
9 74 2
23 106 14
128 33 1
28 18 7
27 109 15
34 5 10
51 58 11
105 51 7
36 8 13
54 63 6
9 116 7
41 92 7
118 38 9
94 61 5
59 1 2
89 78 11
86 61 10
97 15 5
111 107 12
87 58 4
38 112 1
89 99 13
57 24 11
84 80 2
11 125 8
69 97 15
34 125 9
120 23 1
99 16 11
56 100 13
114 102 2
88 98 2
59 107 4
94 103 10
85 112 7
106 99 1
112 59 8
122 14 2
55 11 13
22 66 15
32 117 3
27 70 10
22 98 4
7 80 3
36 65 9
6 114 5
96 52 6
71 126 1
101 48 11
77 29 15
52 46 1
124 87 10
48 74 13
100 126 11
116 128 3
32 11 4
105 44 8
46 82 11
2 21 3
11 110 1
71 94 4
61 103 11
119 30 8
33 78 8
47 97 13
24 92 7
15 43 10
1 95 3
26 92 12
99 25 6
30 74 13
67 23 14
31 56 6
95 72 4
97 75 1
18 71 14
79 73 9
107 88 2
58 7 4
51 84 1
21 48 8
18 6 6
84 7 14
43 91 8
92 73 13
87 19 8
30 9 6
109 62 1
17 82 11
58 84 10
13 41 15
86 94 8
62 36 9
7 47 5
96 45 5
40 59 6
91 70 14
8 55 10
53 116 12
21 30 12
118 108 8
25 54 4
16 35 11
76 39 10
96 20 1
5 119 8
119 101 9
113 115 13
120 106 13
82 115 14
43 3 14
78 25 1
82 31 7
92 42 1
103 118 6
29 26 10
60 58 14
127 11 4
25 121 1
89 25 9
70 62 10
62 32 14
78 121 6
122 43 4
54 13 8
41 73 6
54 24 2
6 94 4
21 74 13
33 89 4
79 96 6
127 34 5
102 108 6
81 44 13
90 102 6
118 85 9
36 32 2
76 24 6
99 78 14
42 20 8
46 50 4
4 71 12
51 7 14
109 36 13
117 11 7
120 33 11
39 79 13
75 3 13
71 86 3
103 102 12
127 117 8
55 117 2
57 77 11
24 79 12
14 3 5
2 119 6
110 119 6
104 93 10
53 120 5
15 14 11
63 41 14
41 79 7
16 78 11
13 26 4
80 75 15
65 117 1
48 67 15
66 88 12
37 101 1
26 49 5
34 37 15
126 114 1
35 76 12
44 19 14
40 95 12
74 120 15
100 71 7
72 66 8
3 68 15
22 88 1
93 62 13
123 54 2
