1750 6188 2 100
252 1682
1275 520 4
387 895 5
1656 1606 3
553 274 7
867 280 4
183 1145 5
607 804 2
355 1704 1
741 950 1
1183 440 4
1474 407 8
1429 618 8
28 1276 6
706 1403 1
1643 756 4
977 780 7
916 267 4
291 1692 7
704 943 5
963 55 2
773 584 1
383 579 2
682 881 2
93 974 7
113 281 3
1485 512 6
854 95 8
434 921 2
1280 304 7
571 8 1
292 302 8
1139 446 8
568 384 5
176 484 3
643 1115 5
162 874 6
1625 1445 5
638 715 8
1069 1634 6
440 881 4
1123 208 2
1448 1365 3
638 498 7
1399 187 1
348 573 2
587 510 3
1642 396 7
1496 189 3
77 424 5
1062 1388 3
377 1349 8
789 270 2
1366 1011 4
1434 1260 3
618 120 4
1403 305 3
70 730 3
907 1316 2
712 1046 5
1114 663 6
401 679 1
370 115 1
1414 359 8
8 1137 8
1244 693 1
437 1247 8
48 372 7
1275 78 2
1229 1621 4
1435 1721 5
495 824 6
932 1732 1
1061 113 3
185 580 4
318 1177 7
701 1210 1
960 1265 3
1086 923 4
187 323 7
50 1187 8
1192 357 8
364 1010 7
533 841 5
1109 667 3
124 399 8
482 1747 7
153 1254 3
915 1120 2
859 584 4
61 1413 2
1604 1200 8
1177 11 1
442 693 4
159 279 5
67 509 7
1377 1102 3
1593 1522 3
1658 546 4
1094 151 2
1176 985 5
922 1680 8
1735 1533 8
1349 1023 5
1514 1628 5
1234 575 8
1613 802 8
406 873 2
1475 920 7
1561 711 6
723 467 2
639 1446 8
484 1117 3
1629 29 1
1271 875 4
939 1666 3
828 740 5
1714 1069 2
1197 101 8
1272 1307 4
980 184 1
380 1108 8
1733 1471 7
378 715 6
704 1750 3
109 1600 3
697 907 1
1074 269 3
1151 1610 5
742 1653 3
585 1427 3
559 170 3
335 978 6
291 1526 1
1360 1378 4
58 1344 5
1392 1359 7
886 135 2
1049 1258 5
1649 1543 2
1565 741 5
378 595 8
936 885 3
1613 697 7
1433 492 6
1723 1734 3
142 714 6
605 1142 1
884 96 4
956 502 8
899 233 2
1505 1629 7
527 1372 6
848 60 3
966 1302 4
1445 1553 5
1048 169 8
686 1329 7
1142 853 1
928 241 2
428 344 3
1680 1503 6
626 436 8
1363 1104 8
1218 1419 4
1520 1033 8
1374 1576 3
25 1740 3
298 1279 4
734 1558 8
1234 1448 5
1418 411 8
549 679 2
608 173 2
1667 1563 4
1296 1695 6
1734 356 7
73 530 5
644 1198 7
1272 70 4
817 1489 8
1345 508 4
1222 717 4
1581 45 1
948 1667 4
604 615 6
511 521 2
1391 1558 4
1582 396 8
698 48 6
1078 1334 3
803 1036 2
1025 196 6
401 299 3
1348 1728 6
1636 1486 1
1299 1011 2
912 773 5
1498 562 5
587 1397 4
1226 944 3
1634 175 2
1389 294 3
1308 1312 6
438 880 8
993 1651 3
1655 370 2
1076 1383 8
879 673 1
1669 684 3
1363 619 5
723 1316 7
286 1136 5
135 656 2
665 758 5
1587 505 5
1595 108 3
556 429 5
202 821 4
1040 1344 5
1110 1154 3
1559 75 8
147 1451 5
598 904 2
1550 1588 7
672 1212 4
113 1165 8
443 455 7
242 1217 2
255 614 7
90 1503 2
1181 509 5
1555 430 3
406 1042 4
388 807 8
1414 278 8
940 530 1
1614 921 4
513 1389 5
596 1226 8
1206 1187 7
242 1535 3
1094 1494 3
1708 1407 6
607 726 1
310 1529 2
1631 1302 2
1288 1156 2
1666 340 8
373 1504 2
313 1650 7
1017 52 7
1493 1513 7
629 1023 4
30 1201 7
1626 1102 4
276 1743 5
1318 1321 1
1717 515 6
1637 616 6
1525 1066 6
836 474 1
855 1565 2
1043 753 2
1736 192 2
453 363 8
254 1322 6
882 1237 6
1286 37 6
722 917 4
716 892 8
1609 55 1
126 1313 1
1258 20 2
1661 1649 2
352 775 5
1142 799 6
545 439 4
449 1691 8
381 1080 4
467 1195 8
193 20 3
873 1567 8
676 85 2
614 841 1
969 664 5
1133 1525 3
705 1395 7
873 975 3
1283 575 4
211 825 5
1015 426 3
256 246 8
8 1157 1
1015 1750 2
1141 1430 8
1584 1243 6
1460 1099 2
250 232 3
47 1489 6
1329 1336 2
96 1297 5
642 429 7
433 1001 5
532 1441 6
1010 1027 3
1424 77 4
764 825 4
1002 105 1
1083 1682 3
913 1383 5
797 1734 6
221 1348 5
238 709 8
201 1730 3
1481 1140 6
272 410 8
856 338 5
947 1413 7
1673 86 5
985 1207 6
1098 1060 8
241 1742 1
1199 69 8
1649 974 5
1368 1348 8
1218 902 1
897 1716 7
1492 1555 2
698 1327 4
920 106 5
1621 761 8
939 1004 7
64 896 4
848 715 4
638 1005 3
996 1702 8
1551 1495 7
1317 231 1
839 594 4
42 818 7
1033 13 8
562 204 6
707 719 2
1743 695 4
1294 1324 3
1731 415 8
659 1029 2
1746 104 8
1407 1281 3
493 525 2
1424 984 1
1541 1486 3
1444 71 1
120 1641 7
638 848 1
611 763 7
1749 1346 1
183 426 3
1284 1634 4
1347 1630 8
762 640 6
719 1279 2
1252 951 4
1639 1369 3
440 118 7
666 1409 3
410 91 8
612 83 7
1407 1369 2
1084 19 2
96 906 2
27 1336 3
704 116 2
1572 159 8
144 1743 4
280 684 6
1501 659 2
1150 1659 6
1667 1011 6
1408 711 1
1422 262 8
1195 803 6
140 1368 1
1526 1066 3
1302 1397 2
933 521 6
58 1268 3
1653 1298 4
839 898 6
206 337 4
1016 88 4
1171 1187 1
325 428 6
1611 1092 3
124 1649 7
1257 317 3
1415 180 6
1034 14 6
1343 1695 8
1039 967 2
56 668 7
375 1443 5
173 566 5
1622 254 3
434 1684 8
837 1727 3
1049 193 6
1531 1331 6
1497 36 5
1026 1234 3
1348 990 7
561 115 4
266 1387 3
12 1748 8
1300 79 4
1618 1619 8
1415 1738 8
1609 687 8
1097 453 6
1072 750 4
1605 720 2
1591 9 2
1205 240 5
1570 61 1
1014 55 3
86 1395 1
696 660 7
171 258 7
68 90 6
1331 1261 3
230 755 3
885 248 7
949 564 6
1247 1376 1
777 84 4
1484 1230 6
1260 751 7
1289 1460 6
1724 1115 1
1179 1345 6
1125 135 7
957 1377 4
530 1476 6
1562 1738 5
1226 1545 6
199 1203 7
412 537 4
1226 676 3
1309 299 1
1280 576 5
1543 1460 5
270 24 3
1591 838 3
1575 980 1
1081 910 6
553 850 1
885 946 3
207 563 5
415 632 2
644 1412 2
969 1535 2
591 1078 3
1360 1412 3
1151 171 7
1632 129 1
1367 1600 1
1516 768 8
866 718 7
1571 500 4
1552 1187 3
12 1623 3
1081 796 8
39 933 7
902 1197 1
1726 711 6
1507 979 1
1230 548 3
999 1694 8
457 473 3
332 911 2
781 728 1
1364 1445 1
777 432 4
1139 6 5
949 823 8
1639 139 1
1268 1266 5
1494 1248 3
1561 1597 1
869 321 4
1479 1310 3
849 483 8
288 1591 4
907 1731 7
107 342 1
1112 1303 5
1592 1734 7
536 1019 2
874 1229 8
141 21 3
1464 347 5
1196 1667 8
1394 1114 4
225 955 5
328 1058 6
799 568 8
1026 312 2
325 1680 5
549 603 7
54 1373 8
1437 760 4
1695 84 7
1412 1475 3
1250 1657 6
931 903 1
1133 1526 8
1656 1737 3
840 1422 4
318 754 6
384 220 4
1105 1085 6
550 238 2
1589 522 3
468 1690 8
1344 1683 8
468 845 7
178 130 1
97 1063 3
1110 15 4
1453 1682 5
513 543 4
1249 1284 7
1373 543 4
938 1081 7
1084 835 3
709 1330 1
207 211 2
101 1745 2
1691 637 1
934 134 4
1720 1664 1
1398 365 5
1206 224 4
1491 1619 8
1720 844 6
256 221 4
756 348 8
1105 1593 2
756 573 7
530 55 3
114 1392 6
1724 951 3
491 1200 8
395 211 4
941 1062 7
220 206 5
887 351 2
1729 875 8
1148 94 1
330 1185 6
1064 624 7
181 1254 3
368 601 1
1689 1037 3
64 558 6
1158 858 6
1325 230 7
1403 1047 8
468 1248 6
1602 108 4
1495 812 4
1546 1419 6
758 673 3
494 1542 3
489 1046 5
896 809 6
1236 1304 2
1482 197 1
309 94 3
758 879 7
6 446 8
206 1469 6
798 246 7
576 1170 1
1537 706 1
389 316 8
112 1738 5
1540 1174 7
231 725 6
910 306 3
408 1058 4
33 491 1
1397 390 8
1740 283 4
1506 1201 7
623 667 1
1178 47 4
249 1519 8
154 1215 1
625 1215 5
1030 239 1
826 1620 3
1066 329 8
1180 1263 4
523 665 8
1551 7 7
921 940 7
7 1642 4
1547 142 8
1017 1680 3
986 529 7
967 1413 5
495 1547 3
1220 565 1
425 1117 1
884 92 6
658 1673 7
222 577 8
1321 1580 1
651 887 4
1273 994 7
132 1078 3
1422 1311 1
551 1611 5
383 495 8
1097 351 8
80 216 8
1160 1576 5
1384 1446 2
434 1055 6
1570 647 7
1483 1708 8
989 966 3
944 517 4
1158 1053 6
1256 670 1
1119 590 6
895 110 7
214 1437 6
1546 1431 1
767 287 3
900 1724 7
339 755 1
743 1560 7
1213 221 8
999 1341 5
805 463 7
612 1441 1
1192 1616 3
1368 414 6
760 1144 7
663 643 5
548 679 7
478 464 2
605 1095 4
693 1136 3
716 360 4
734 778 3
1096 1346 5
859 1160 1
643 1745 2
281 1165 6
394 990 1
121 378 2
752 1036 8
860 915 4
44 1099 3
1750 497 3
55 687 2
1321 950 3
733 1303 7
891 445 1
1399 323 8
97 233 7
1238 464 4
1638 408 4
736 1583 2
780 1321 2
447 228 6
279 1733 5
1379 252 2
878 971 4
1528 1276 6
1481 836 7
314 883 3
1292 873 3
374 75 6
42 1097 1
175 864 6
1670 489 6
1377 1706 8
1555 1049 4
740 219 4
684 1491 4
577 1541 6
489 252 2
68 882 1
1042 975 5
77 1358 3
54 737 2
265 593 8
1334 1509 6
467 1628 3
124 1272 1
1466 12 6
460 78 6
1298 663 4
1218 117 4
998 666 3
607 1395 1
604 380 6
209 72 1
28 1481 2
309 1000 6
249 1621 3
1604 1242 1
1674 66 1
368 481 1
309 890 3
605 972 1
277 1194 3
873 160 2
960 1386 8
24 920 8
832 670 7
1247 906 6
307 1743 4
1120 1645 7
439 1544 1
1364 1736 4
1173 558 8
105 994 4
414 1728 4
784 1739 6
780 62 8
1205 440 5
816 211 2
1178 752 1
548 937 1
1056 111 7
186 574 6
408 16 5
1592 437 5
1696 88 6
1427 1086 2
988 801 3
1365 254 5
1672 1155 5
783 1311 6
1330 1227 3
598 102 2
456 1423 2
1083 1046 6
1231 1020 4
1605 994 6
418 454 6
1387 112 3
651 700 3
1273 105 2
1423 1644 6
766 754 1
1604 1123 2
1378 431 8
1480 1514 8
688 178 3
789 644 6
1157 1020 2
1307 1289 8
87 807 5
1545 1283 4
300 276 5
1220 669 8
773 443 5
269 1235 7
1439 54 8
1189 714 2
338 1709 7
654 255 8
1244 1009 1
50 1240 3
647 1413 8
89 370 5
1383 1281 4
1291 895 7
1109 1688 8
1443 1008 5
1497 761 6
45 580 1
356 437 7
811 1688 6
167 1298 2
1495 615 7
388 428 6
1241 235 8
442 1009 1
1653 1114 2
102 1667 4
116 1750 8
437 92 1
1416 761 7
574 605 5
1065 544 8
811 1541 5
1089 1247 3
1575 133 1
118 788 5
1665 363 8
1080 126 4
243 813 7
1608 1746 4
346 352 8
399 1543 1
232 1215 4
1569 502 2
589 1034 5
466 897 3
941 396 1
731 1506 5
995 555 8
1736 537 8
1393 1319 1
324 978 1
661 1542 4
425 423 5
923 771 7
406 967 3
1418 1085 1
1527 1113 3
562 781 1
1479 642 8
1552 821 7
886 1211 4
1450 417 8
1093 1308 2
1296 674 3
740 377 7
263 1630 6
1647 105 2
145 1242 4
107 1458 2
291 405 2
1084 678 6
759 1680 5
271 139 6
521 846 7
1193 774 6
80 730 2
705 804 5
1244 1521 5
1129 670 3
995 1581 5
407 565 4
1022 1442 3
1146 948 7
10 566 8
451 1675 8
9 634 1
1667 675 6
1220 779 6
1085 815 7
513 434 6
123 1647 4
922 68 3
801 209 1
1029 580 3
62 578 1
1481 1702 2
701 157 5
158 453 4
319 550 8
198 562 6
1047 1433 6
281 860 2
7 333 6
1490 1268 7
285 734 1
660 1111 3
1637 986 6
1273 119 4
607 343 1
1301 1646 2
31 507 7
179 133 6
138 1436 6
487 593 5
1078 1699 1
754 1453 6
663 1745 2
808 450 6
518 251 3
1275 1726 6
203 1410 3
1708 1076 5
800 689 1
1029 931 8
1676 1278 1
1183 118 4
722 1689 1
1259 855 5
1412 368 1
20 116 2
1100 552 8
372 371 5
82 145 6
142 911 4
1384 1652 7
766 746 1
856 155 4
304 1715 6
197 1440 4
38 1012 2
1056 1292 5
157 1491 3
1730 1578 6
1663 508 1
390 945 2
1387 551 3
1245 728 5
508 1129 8
1476 1014 7
268 1250 1
535 1367 8
1636 1696 7
1449 890 2
226 268 5
719 355 2
1299 1041 4
424 367 3
1288 514 2
706 682 1
1418 1502 1
1193 1693 4
1219 1174 5
1213 246 5
647 1735 4
1588 698 4
1414 259 8
319 237 8
190 489 3
1175 998 2
1301 468 4
1161 1551 5
808 1605 4
89 387 5
1577 379 6
1224 425 5
1305 204 7
557 947 2
929 788 6
1109 88 3
879 791 7
588 1030 5
1558 1616 5
23 1129 2
446 710 4
1112 610 7
1379 1083 1
801 1032 3
1464 87 4
191 20 2
1645 1634 6
1513 1076 7
863 787 4
1120 783 2
1264 1291 4
633 171 6
1403 134 3
1094 1257 2
1303 1118 7
423 362 3
1431 1197 4
570 1387 1
1688 39 2
1722 925 5
757 1677 5
1250 1397 4
828 1215 1
1672 1208 7
795 430 2
913 363 3
1530 1375 6
1376 856 1
1162 874 1
332 136 4
1551 283 1
336 840 1
435 302 4
441 1293 3
769 1170 3
1543 1339 1
1014 417 6
120 91 1
1266 1414 2
618 626 7
984 981 2
1513 1281 2
194 63 1
154 1418 3
269 124 3
1486 1079 3
1039 1042 5
456 674 5
1718 681 8
511 933 6
1074 1719 1
962 1271 2
1686 1059 8
1742 85 7
1014 1733 6
1276 515 6
23 832 3
926 1748 4
191 704 4
636 1304 1
1079 933 5
865 535 4
461 1655 3
720 1647 6
483 1363 8
1270 461 4
58 316 8
762 1282 5
1254 801 4
942 1222 5
685 1722 1
124 95 8
1026 1283 8
670 1554 8
641 872 6
919 423 4
1524 509 1
153 30 2
41 5 2
618 436 8
1330 368 6
920 431 5
392 1037 1
1419 1197 7
1536 1135 3
1047 541 8
1337 825 5
1682 1181 1
1270 89 2
511 39 8
185 659 4
1375 1058 1
1366 851 6
650 72 5
973 1127 1
1558 1718 7
1266 1033 4
234 840 3
320 657 6
1099 1658 2
504 937 5
811 747 4
1401 236 3
594 658 4
1384 1143 7
710 1625 6
123 65 5
877 307 6
826 956 3
384 1438 6
1748 461 5
581 1457 1
164 200 5
822 293 8
543 940 4
474 1285 4
719 686 6
1383 688 2
1211 1113 8
1347 328 5
64 152 4
596 794 6
1435 177 4
895 1591 5
150 1462 5
1300 462 1
1636 1590 4
425 945 2
1182 1107 1
1008 857 6
1565 971 7
1741 1105 4
1648 598 3
961 1113 5
842 612 2
1240 1187 4
936 901 5
880 828 3
812 615 4
1324 52 4
97 1125 4
648 226 2
1496 1072 4
284 1001 8
1600 1228 4
138 100 1
191 183 7
1432 1436 6
1230 401 2
580 378 4
1349 981 2
1136 1586 4
1580 678 3
1612 1618 7
1154 1035 2
891 813 1
320 858 6
1315 168 2
918 1388 3
274 115 6
58 1233 7
742 167 4
751 1134 6
1448 30 1
920 1398 4
1276 996 7
1674 1740 1
1675 1133 2
1141 624 5
758 813 8
1176 1383 1
10 1175 4
358 585 3
1520 1730 3
1741 1085 1
755 621 2
220 1469 6
67 1356 7
824 1716 5
543 159 5
1742 14 4
875 429 8
1515 969 6
66 7 4
1231 1154 4
133 1497 4
639 1565 5
236 668 3
1705 1245 8
490 1209 1
1349 367 6
211 896 7
1410 1280 8
1551 652 5
759 428 8
901 880 7
1651 197 8
184 1549 4
424 981 7
1433 332 7
687 1158 7
1178 1687 3
791 858 4
1329 548 8
1604 942 1
844 184 4
142 1393 1
54 513 2
1335 1214 2
1202 1667 1
1347 1163 4
850 288 7
440 706 3
1031 574 3
1128 310 6
36 318 6
1735 1016 5
1501 375 4
463 1313 8
1015 205 7
1248 317 5
1002 6 8
148 1307 5
1366 1563 8
1249 849 7
1035 1142 1
557 645 4
1197 18 1
466 492 2
988 1622 4
696 1253 5
720 1139 6
223 138 1
446 1721 6
507 1082 1
1194 189 2
1471 924 6
319 1703 1
1536 2 1
571 614 6
1703 786 2
455 1049 2
606 30 2
870 1705 8
1537 682 1
288 528 1
1211 1218 3
990 376 2
359 1296 4
303 349 8
1463 384 6
1746 118 1
587 1461 2
1625 462 6
602 962 6
1652 59 8
195 620 2
174 1437 6
1219 1209 1
1389 279 4
193 871 8
489 1682 7
324 154 7
1238 1124 5
169 1361 2
895 590 4
108 1273 6
683 1061 6
959 238 3
1365 181 7
231 859 6
1243 1706 1
134 147 2
1161 200 3
1017 325 5
1654 835 1
1750 214 6
280 204 6
1369 215 4
203 1400 3
649 699 6
567 272 7
1680 538 3
1057 1710 2
1381 100 1
1379 1452 7
446 1090 3
1092 1157 3
1001 584 2
1175 1081 2
1665 1076 5
1373 1389 7
702 459 4
863 1580 1
136 1719 6
1234 1506 2
912 524 6
464 1569 3
450 1273 3
469 1689 6
746 1379 2
607 86 1
727 1234 4
1227 1378 4
155 400 4
1657 176 2
502 874 5
905 924 7
885 1459 4
489 712 4
1375 822 4
590 952 1
1624 1184 1
1707 411 3
1625 767 1
486 457 7
431 207 2
975 160 2
885 471 6
1256 451 6
1262 30 7
1734 1556 1
1162 133 5
448 518 6
1567 160 5
1178 1116 4
1511 222 1
1523 1251 7
1316 632 4
1591 1166 1
1514 1588 7
637 552 6
572 1584 2
1328 1333 3
931 848 2
458 987 1
1339 148 6
1092 180 4
376 1039 2
1362 970 5
1469 1526 2
1363 1457 2
452 1466 6
679 43 6
542 1098 3
1487 631 1
1734 884 6
1403 1314 1
1318 892 5
350 1122 6
1476 1733 7
747 1560 7
1500 657 5
1453 1452 4
915 1714 5
24 431 5
830 1410 3
790 1634 3
79 1736 4
1634 581 8
70 37 1
1086 310 5
785 137 7
1741 828 7
1188 662 8
970 1537 3
198 1498 1
828 815 2
557 647 2
584 784 7
1273 65 1
148 364 8
1483 1369 2
1634 608 8
218 1283 6
1628 803 8
1429 626 5
989 69 2
1129 1256 1
1030 832 4
865 1269 5
1665 1281 4
624 646 6
1020 1110 6
328 32 5
1631 1250 5
1640 564 4
934 1047 1
1241 925 5
1159 420 1
683 295 6
668 871 4
1173 1136 1
679 472 8
610 225 2
76 220 2
1351 1662 3
133 542 8
139 1407 3
770 902 2
627 347 5
796 691 5
683 1529 7
1455 256 6
1477 855 8
1736 1536 7
1272 974 7
523 1471 1
1608 763 7
488 1578 8
19 1236 1
982 527 7
911 1719 2
50 1320 6
265 652 1
709 275 5
816 71 4
1198 1330 2
1649 1286 6
1478 166 5
472 1404 5
620 116 2
1401 1374 2
1723 1592 3
1676 651 8
609 1333 6
227 1638 3
710 1553 4
1181 751 6
234 888 6
1225 1727 1
1280 276 2
1541 88 7
402 286 7
1121 1188 7
552 1490 6
1159 1112 2
1372 826 3
1358 981 6
1158 673 6
637 264 6
1147 547 2
1410 188 6
829 1749 8
546 522 4
535 1048 1
50 1171 2
492 911 3
921 523 2
236 56 6
777 719 1
1345 968 2
1716 1319 2
830 463 8
1695 777 4
579 1314 3
1107 1290 1
345 929 6
320 564 6
1214 1673 3
1407 1076 6
191 1015 2
714 854 3
1582 1333 5
395 71 4
139 1493 4
95 1251 4
1156 889 5
447 1564 3
979 761 5
558 1136 8
365 137 2
1623 1263 5
1571 273 3
427 1000 8
737 434 4
469 51 5
1013 610 5
449 1517 4
1523 1649 6
947 1109 3
1611 571 7
1505 1651 1
443 1401 6
357 915 7
179 1575 4
1628 1588 1
56 183 1
1543 974 3
43 603 2
1462 137 1
430 668 1
1662 113 4
1696 672 2
874 184 4
1595 1585 5
348 1128 8
1293 987 4
1524 67 8
673 564 6
353 40 4
208 438 6
510 1223 3
1652 613 5
333 380 1
470 1385 5
368 431 1
750 308 2
1717 490 3
721 1404 7
1523 1272 6
1493 985 8
794 14 4
492 1189 4
457 229 1
1137 1179 6
530 279 5
1048 596 3
1410 877 5
1324 935 1
989 1199 4
1516 893 7
1311 1069 6
753 3 2
215 939 4
1648 1535 5
1448 988 4
598 486 8
632 1327 7
1369 1076 8
119 1088 4
314 661 3
1114 1252 3
197 875 8
647 222 6
1423 1191 6
1562 614 2
1432 230 2
1241 1742 5
131 1276 8
775 158 3
825 896 5
177 710 3
302 1583 6
344 882 8
428 1680 1
1573 1029 2
1247 122 1
326 1 8
1409 1100 7
1066 810 6
664 904 3
1225 837 2
871 620 7
1694 1492 2
1201 1512 3
310 1351 3
355 27 3
810 1377 6
1006 895 2
867 997 1
1044 738 8
1502 1593 3
1371 517 4
386 753 7
1251 1543 5
302 736 5
791 1122 6
840 915 5
1053 858 1
864 1081 2
1006 954 4
1710 1505 1
426 205 8
1679 683 2
513 921 4
896 1468 6
382 775 5
1362 1537 7
1331 1315 7
591 132 3
1558 336 5
42 158 5
304 1138 8
446 353 5
134 579 5
1716 1393 4
1490 1671 3
1051 1425 5
46 1179 8
1597 78 7
1233 699 5
521 1239 8
1615 1745 4
1195 35 1
1181 67 7
581 1668 6
285 234 4
698 1116 6
1131 855 5
1733 713 8
778 113 7
402 809 6
728 1210 4
112 614 8
1157 186 8
1588 752 2
854 93 8
1581 1747 7
520 387 2
1222 1242 6
1024 965 5
337 1066 6
555 857 5
49 111 6
1200 1488 7
1187 1335 6
1051 359 5
1512 801 6
549 43 5
387 115 1
144 1138 7
229 756 1
491 1222 2
279 55 4
1505 1087 8
750 1404 4
517 606 3
228 1614 8
82 361 8
1405 648 1
538 935 1
963 417 8
343 782 2
1718 860 7
281 1288 6
321 128 1
1010 1658 8
839 1107 6
153 1622 5
1210 114 8
677 903 7
1439 1203 1
523 687 5
132 1028 7
709 1360 8
1503 345 7
1204 1712 7
1143 1446 6
1026 1262 4
96 1089 8
616 1711 2
184 1098 4
1636 667 6
241 235 1
1181 74 1
1544 1038 6
456 432 1
449 81 3
1225 707 2
1181 1260 7
502 844 1
1184 1028 6
943 1437 3
730 1589 5
1598 289 2
1132 401 8
855 1318 1
818 700 2
1006 590 5
1525 572 5
1357 934 3
705 1515 1
732 456 8
178 1534 8
390 1223 7
1265 1215 2
261 929 4
1096 285 8
855 716 7
696 1188 1
1665 1513 7
1718 281 6
1439 1614 1
1469 337 5
1264 1597 2
955 66 1
648 1077 4
357 860 5
851 573 2
1163 328 2
1637 1070 2
454 356 7
990 557 7
1065 774 5
991 1097 1
1338 796 4
222 811 1
1137 1663 5
1614 1572 6
740 1424 7
663 1724 6
148 70 4
507 917 6
1667 358 5
1573 375 2
290 751 4
239 1095 2
789 1127 3
981 1473 8
613 1477 5
693 286 1
156 1406 3
973 786 7
1470 165 7
184 1060 5
1135 529 4
1145 38 5
758 924 3
1494 140 2
161 1527 7
114 1574 7
1275 1597 3
238 496 6
825 1468 7
1118 1674 3
29 875 4
335 880 4
683 285 6
310 1391 6
1727 719 2
1733 417 7
1328 941 4
959 843 2
631 289 2
1107 726 2
680 1257 7
1382 1190 3
1233 264 1
228 1439 7
1400 877 8
1015 116 7
1577 1230 5
1013 518 5
1124 738 4
1213 256 1
1641 1001 2
1215 1424 6
567 618 5
1573 1579 6
1419 1431 3
1594 1619 6
1712 722 7
234 281 6
130 1666 5
132 1699 5
1474 1528 4
360 678 5
238 275 8
1546 902 5
686 355 8
1596 1304 4
1573 995 5
1232 412 1
1439 916 8
1540 1149 4
1464 499 2
1565 878 8
1393 714 8
846 1624 3
1317 912 8
1363 175 1
1150 545 2
539 1289 4
1099 567 5
584 403 7
526 25 3
970 1183 6
321 560 3
641 1454 7
1013 547 7
563 764 2
1478 784 3
1340 397 6
1422 681 8
1427 1643 3
548 703 1
753 872 8
364 80 5
955 311 2
220 1133 7
1195 893 4
1352 649 5
23 799 5
369 962 1
512 1608 4
149 1038 8
1602 720 2
856 545 6
566 910 1
641 856 4
869 1013 1
1215 1085 4
371 1744 2
218 503 7
617 192 7
979 1416 6
687 879 6
1110 508 7
1184 1078 7
525 989 5
519 534 3
725 1341 2
1045 1180 3
74 1356 3
182 1631 1
1368 394 2
447 199 1
1186 1267 1
1074 399 5
244 1675 4
831 1064 1
740 501 4
1003 605 6
853 384 4
1355 928 4
611 1205 2
976 607 8
531 1015 5
795 195 7
323 720 2
1362 1608 8
30 393 6
603 98 4
453 700 4
1366 457 5
977 971 1
92 906 6
1199 1250 7
268 1657 1
1750 1190 6
202 1552 1
502 980 6
1091 1595 8
1703 709 6
801 72 8
1713 196 3
951 883 2
1669 1210 7
809 1592 8
236 1022 7
1176 729 5
721 1101 6
310 295 2
1 71 8
988 1365 1
388 52 7
903 1005 8
174 1190 7
803 1178 4
431 326 3
1109 1590 1
951 1075 8
371 491 3
701 1392 4
1097 1708 8
439 499 3
807 325 2
1020 1154 3
1335 1290 8
1490 1051 1
1009 402 5
600 632 1
86 1648 1
1557 1086 4
603 1404 3
166 403 4
1238 826 3
1516 632 8
552 1352 2
962 1629 1
863 1402 7
1414 470 3
93 1339 8
353 1625 5
1663 1345 6
496 1330 5
964 1543 4
345 240 6
1615 223 5
334 1119 8
484 1186 5
700 363 7
825 693 7
796 1517 7
1660 1648 2
751 74 8
643 1724 4
689 1408 7
999 443 2
796 666 1
715 257 8
194 465 8
590 110 1
547 25 1
152 1468 4
1284 1069 1
601 137 7
968 1035 8
762 1004 6
627 759 3
566 796 5
1069 483 3
62 892 1
277 603 8
1470 375 1
231 212 5
1639 1076 6
32 507 7
1495 604 2
1654 12 6
1698 1457 5
1395 1648 1
59 1143 3
460 1264 1
1332 153 7
75 1659 3
1749 694 3
893 1327 2
69 1657 7
972 799 2
977 741 2
736 560 8
1444 211 3
1523 1661 8
503 1506 4
1546 1298 5
1055 1014 8
275 1127 4
1036 1687 3
1246 1396 3
781 157 1
1454 338 4
247 818 6
1710 1672 1
478 2 6
1063 899 3
840 534 8
222 1109 4
933 1656 2
814 951 5
679 189 2
1196 914 7
1596 1180 4
140 586 6
1476 1450 6
366 880 1
1163 1530 7
213 220 7
760 161 8
1134 26 4
228 916 3
1090 710 5
985 477 8
309 1449 4
939 1370 3
1077 806 2
635 838 7
1359 1406 5
999 1374 1
1473 109 5
144 1170 3
1608 929 8
838 9 6
474 1174 3
1421 936 8
1707 219 4
809 286 2
520 1119 6
333 941 7
956 1575 3
188 769 5
98 1151 7
1271 29 7
912 584 1
1319 1607 1
472 750 8
135 1218 2
741 780 2
1565 1318 5
991 351 8
629 1367 6
1190 97 2
1289 852 3
646 1354 4
1504 1653 7
239 1277 8
1621 354 4
268 1224 6
744 1084 6
766 489 3
1327 1178 1
864 1539 1
861 677 1
1068 1731 6
280 1574 3
1492 1576 2
940 1014 8
987 1544 6
1100 316 1
641 155 4
350 1443 7
191 1153 5
1443 861 5
881 862 3
94 202 6
1595 123 8
1703 1198 8
873 647 3
344 143 2
1481 515 6
1492 1049 8
135 1546 2
1705 662 4
1498 280 5
755 202 4
1270 1172 4
795 193 4
1052 289 6
254 72 2
1166 1323 3
26 662 4
1075 1325 7
329 1243 7
1027 1658 5
415 1516 7
1156 1284 1
764 1009 8
1216 41 5
1437 97 5
1032 1019 7
147 541 6
967 645 2
775 453 4
659 1581 6
795 668 6
461 397 2
1539 1040 1
862 1314 2
453 1639 1
1688 1079 2
1392 156 8
1058 1603 2
826 1467 4
1640 350 7
1557 573 3
800 1340 4
1248 256 3
1585 1273 5
47 506 6
1525 245 5
1482 29 3
1437 748 8
1485 882 1
181 1512 2
494 309 3
1025 827 8
191 620 6
1400 300 5
808 187 1
1076 1281 2
1429 522 6
1590 1079 6
1166 1676 6
783 790 4
915 534 4
928 589 4
993 1505 2
1588 803 1
441 347 7
633 847 7
341 760 3
1692 957 3
1717 1219 8
1340 460 6
1001 725 3
1269 413 7
1054 1050 6
1155 1685 5
1742 676 5
484 390 5
812 333 5
507 468 7
454 1093 1
503 153 6
189 983 4
1420 479 4
580 1747 2
1170 1138 3
185 1029 6
1621 1060 8
1689 1058 2
1546 1394 4
776 149 5
491 1123 8
340 448 3
216 522 5
867 1669 4
235 727 4
1424 865 3
1587 1056 6
1404 228 7
1355 1152 2
1322 1631 2
1206 1552 1
164 487 2
443 784 8
1415 112 6
370 1291 1
222 743 8
71 442 8
1294 922 6
905 758 3
1014 665 4
1674 283 3
41 1626 6
839 705 1
1439 1564 1
1640 823 2
332 479 1
1672 1629 1
519 1718 8
532 1650 8
1720 628 2
771 694 6
183 1750 3
818 271 5
278 1168 2
627 1464 3
586 394 2
1185 389 1
1697 546 3
1064 163 8
743 842 7
1492 795 2
242 664 8
1715 1629 4
62 787 2
1452 1633 1
266 1611 8
484 1461 3
1333 1108 6
1416 36 2
805 1080 8
1364 79 1
1361 1034 4
1487 570 1
1296 1168 5
900 1432 4
968 972 4
895 635 1
828 1707 1
522 866 8
1707 815 1
1416 1060 1
1533 623 4
954 952 2
1465 1569 5
366 232 5
1286 1027 8
1133 1548 4
189 633 5
125 1119 4
552 1683 6
1009 152 1
1552 898 2
861 498 1
486 834 2
1222 129 1
123 105 6
688 1370 4
1568 1155 4
1500 185 7
1155 1629 2
367 1367 1
1518 226 8
51 16 7
130 1370 3
1633 252 1
460 1726 4
1544 1294 2
1517 58 5
1078 631 6
1371 503 4
893 1116 5
1245 867 1
473 348 8
1671 1520 8
374 1093 6
1309 504 8
721 1151 8
752 506 2
1395 242 7
221 246 7
596 241 7
246 414 4
337 1692 2
602 1482 2
1639 1665 6
1530 722 7
987 1294 7
1056 586 1
1211 167 1
1432 342 7
1610 749 1
1337 1009 4
90 1362 5
526 1303 6
1727 4 3
660 562 6
1218 1298 8
1724 1075 1
714 1719 3
285 778 3
57 1302 8
1150 3 4
1501 185 4
1045 12 4
652 1582 7
1368 990 6
1459 960 3
1326 1400 6
229 1643 2
884 437 6
982 287 2
116 1437 3
1112 526 7
1356 1246 7
46 1231 8
862 305 5
1233 1490 5
752 253 2
1402 146 3
131 836 3
1604 1632 8
1038 807 8
951 1381 3
1575 184 8
865 322 1
1746 788 8
953 1387 4
1248 1213 7
1011 1106 5
1098 249 7
931 378 2
1050 1236 8
1431 569 7
465 953 5
112 533 8
898 705 6
87 1294 2
247 775 8
363 1176 5
83 1678 3
728 204 1
192 671 4
1552 1182 6
58 264 4
807 538 4
934 383 1
1597 1006 8
690 1328 6
363 215 4
1650 1487 2
460 1408 5
408 722 5
1003 972 2
1596 926 4
764 152 8
685 241 6
1560 933 3
1225 540 6
984 1269 3
1312 1454 8
1540 490 3
718 1353 1
39 521 5
460 89 6
1528 1717 1
1234 1283 8
1391 1662 8
738 1162 5
1155 1505 1
477 1666 5
913 215 6
1603 392 5
168 303 3
381 463 5
1468 1723 6
195 20 5
493 57 8
1682 1255 7
1389 963 6
851 1106 8
998 1081 5
315 877 7
1290 86 8
260 1148 2
1141 1406 8
1583 127 4
144 1568 7
9 1025 5
1732 591 4
204 114 8
1227 920 8
1573 1443 1
1 1009 1
80 1697 4
931 296 6
131 779 1
274 895 2
1357 862 7
474 1209 1
1441 1737 4
1028 570 2
996 1540 3
307 188 2
439 149 1
1628 35 3
1396 280 5
1329 1230 8
536 72 5
1232 287 8
307 868 2
686 1577 8
864 566 7
532 313 7
96 437 3
829 923 5
330 1081 1
1130 1128 8
869 1282 3
1433 1319 6
1690 1455 1
445 350 2
4 379 3
1077 989 5
82 33 8
1124 1426 6
803 817 7
75 1376 2
465 631 6
644 1330 5
1738 1231 3
920 601 1
1602 123 2
614 1306 6
1037 1301 6
203 1388 2
93 539 8
1076 477 4
855 62 7
233 161 3
1501 1579 6
717 885 7
313 17 4
525 1518 3
256 586 6
418 437 3
46 1663 8
1240 839 3
1134 1111 6
1517 316 8
1719 93 6
1152 1228 2
117 1197 1
1529 113 7
340 422 5
188 576 3
1684 921 6
594 1673 6
835 774 2
725 784 7
1731 600 2
1349 424 1
224 1552 7
1361 14 5
1387 1562 5
1569 894 6
1670 1682 6
726 1295 7
566 449 2
872 338 1
1489 372 3
1436 1458 4
1287 850 2
795 1049 6
1007 1477 2
1217 1041 7
71 211 3
543 530 6
695 1672 7
703 1072 6
1654 1193 5
595 28 4
1035 239 8
72 182 2
192 1536 1
277 43 1
598 1146 1
179 162 4
1034 727 5
1153 704 1
1198 1360 6
489 1633 5
1559 906 1
1251 148 4
527 1238 8
235 676 6
252 1524 6
1419 1298 8
898 1673 2
1151 1439 3
817 47 6
785 1444 7
303 955 7
1576 795 4
58 1490 5
336 860 4
1301 845 3
647 645 5
295 1616 7
910 99 4
962 197 6
26 1705 5
1473 1228 5
1033 1578 4
838 528 4
579 495 5
656 167 7
1021 1615 5
1400 1410 3
1256 1277 4
1447 176 6
1592 96 4
1298 18 6
179 184 5
1202 1041 2
121 715 7
204 1612 7
357 1616 1
1270 460 3
851 1557 2
1505 962 5
1582 1642 6
182 989 6
209 536 1
1370 640 4
1337 442 7
1086 1096 1
1261 251 7
115 952 2
1266 1425 1
1334 255 8
1677 1461 2
1617 1660 1
1390 7 4
1386 1508 4
1160 1374 5
742 1546 1
252 702 7
775 818 7
55 404 8
977 878 5
693 1723 1
319 238 2
840 1165 5
881 1314 5
1507 184 8
496 275 1
1276 1717 8
1294 759 3
853 1463 6
496 270 4
1439 199 3
814 1325 8
511 1606 3
163 1406 3
868 1568 3
845 1494 1
1705 1498 1
1403 383 4
83 1650 4
959 1703 8
1050 1304 8
21 1252 3
1167 896 6
127 1159 6
660 1498 5
383 466 1
905 1158 2
398 461 7
265 349 8
209 592 3
389 81 3
1043 1601 4
883 661 4
1584 1626 2
199 1373 4
1706 419 5
182 1077 2
636 926 4
1561 1275 8
1478 1160 1
1263 398 7
1240 898 6
357 1718 8
1543 37 1
1599 1548 2
1111 1669 3
648 1631 3
457 1427 1
1216 1377 5
1224 484 2
1720 738 7
686 4 8
901 335 7
1600 1152 6
1596 1193 3
280 1669 5
592 1019 6
1484 27 7
544 397 1
428 935 3
250 828 6
368 785 7
163 1430 7
985 178 1
570 654 6
66 652 1
422 321 5
494 427 1
925 792 4
1296 456 8
382 247 8
1491 227 2
528 1713 7
979 249 6
748 961 8
891 320 5
1260 1246 4
169 1722 1
628 1664 8
1279 4 2
562 1669 5
384 291 6
1490 1520 8
1411 259 5
1221 1347 5
1496 793 8
534 1156 4
31 392 7
841 1154 8
1575 162 2
1455 1494 4
879 1158 4
658 1214 7
1114 21 7
831 1359 5
1574 1618 3
453 913 6
1102 5 6
1455 798 3
1322 182 2
776 1709 2
31 917 4
199 1564 6
684 1392 5
888 1165 2
703 43 2
761 754 5
159 73 2
678 146 3
1080 300 3
113 357 6
373 1113 1
249 36 4
978 828 5
138 107 7
524 212 7
223 107 1
1073 796 1
1168 674 2
823 657 1
752 1116 8
1332 606 4
547 225 7
160 947 4
544 1270 4
1127 416 4
799 1256 1
1068 419 3
36 766 5
267 1684 3
401 43 7
599 86 3
173 1338 5
352 1323 1
200 349 4
274 288 8
849 1363 5
717 248 2
1500 1579 4
830 1388 7
882 1503 7
1220 60 3
1388 877 7
420 1147 2
217 802 6
1384 1477 6
281 262 1
876 391 5
237 270 2
491 1488 6
802 1480 6
1314 1451 4
1720 1162 1
1383 1534 8
12 1180 1
1383 130 7
1531 1013 7
787 744 6
800 1270 4
1075 342 8
1011 103 4
1338 910 4
665 891 7
763 929 3
361 1632 2
1732 17 6
1678 631 2
1738 841 8
804 1617 1
1159 251 3
830 1080 7
1388 300 7
1474 28 1
640 869 8
1168 707 3
1489 361 5
412 1627 3
1732 1624 8
833 468 7
1654 1065 8
1000 1240 2
1610 1439 3
1152 596 1
612 1737 2
717 936 2
739 108 4
981 413 8
1356 1188 7
131 1702 4
1276 927 3
1021 1381 3
910 389 6
1216 1706 8
231 166 7
1344 1233 5
1627 1711 6
1202 834 6
1235 1272 5
1209 808 4
362 1384 2
888 534 3
1713 500 8
913 1493 3
1315 25 7
993 602 3
136 1235 1
76 291 8
1346 1351 7
155 149 1
30 1365 6
58 1352 1
557 975 4
29 556 4
26 1498 5
1130 1749 2
701 204 4
1089 122 8
317 221 2
1228 235 6
960 828 1
904 1299 4
1656 1441 5
1456 1599 8
1160 784 4
1 211 8
1112 547 3
634 247 5
1722 1226 1
515 1219 4
1652 1143 5
1307 37 8
370 1287 3
1350 1700 1
271 1639 2
985 1701 6
1272 1251 1
969 904 8
819 1071 4
609 1328 4
356 1093 2
1338 449 5
4 1704 7
928 1722 7
1576 236 8
235 1742 5
1112 1315 7
1410 1566 2
1146 486 7
235 925 4
296 498 8
1062 1326 6
324 250 2
1510 1118 2
130 640 4
451 1554 7
653 1138 2
518 1261 2
259 1225 4
217 41 1
588 1142 6
225 164 3
323 450 8
1619 227 2
1482 1729 7
1448 1201 3
323 1273 5
226 1250 3
171 1564 3
1138 1715 6
1058 1301 5
1358 367 7
243 949 7
888 860 8
1250 1461 3
164 349 1
1673 607 7
99 1040 3
1255 1434 6
863 360 1
989 757 3
845 317 2
136 1074 2
247 887 5
16 822 1
1570 975 3
766 11 6
865 424 2
1017 68 1
1010 730 6
56 20 6
768 47 6
80 1027 8
1029 45 7
826 1720 6
1331 420 1
95 539 7
1207 435 2
1280 144 7
1058 293 4
1039 975 5
964 399 1
1362 611 4
1635 1125 6
1540 474 2
427 890 1
1589 618 4
1267 1565 2
1745 1381 5
1108 1080 3
956 1620 6
1617 1535 6
884 1556 2
440 240 3
621 1206 8
887 700 2
707 674 8
1132 27 1
892 1054 6
1609 294 6
470 278 3
542 1229 7
761 766 5
214 899 4
1012 341 8
1056 990 7
1410 144 8
1020 1345 7
71 825 7
499 759 3
336 888 5
109 1024 5
1163 1712 5
725 22 2
1454 439 4
1641 284 7
547 1118 7
867 728 8
954 838 1
522 1071 3
1442 620 3
327 1071 1
818 1483 6
1478 22 8
1566 1280 3
576 304 3
712 1083 4
280 114 6
747 39 3
126 276 6
1018 395 4
1285 1595 8
1047 1451 3
437 1297 5
1612 156 6
331 1340 2
507 293 8
1049 195 1
1654 926 5
862 147 7
1389 1055 4
1562 1509 1
865 984 3
912 231 1
1228 1722 7
115 110 4
666 1040 1
522 567 5
832 1463 1
1740 265 6
1499 347 2
83 17 2
1219 1149 3
853 76 1
514 483 7
1362 1428 3
257 996 3
1497 1519 4
130 292 4
631 1052 1
236 1442 5
886 742 2
1326 300 5
429 496 4
759 807 7
1420 714 1
1150 856 2
858 1500 5
996 1140 3
852 44 2
854 124 1
785 207 7
1736 287 4
982 1627 8
1658 567 7
1135 1372 2
1749 1391 3
1101 1610 7
965 925 8
1533 222 4
1405 650 8
502 162 8
1268 1730 4
1119 635 7
771 1351 5
47 253 4
1150 386 2
222 1636 1
1358 1023 1
220 1526 4
1099 216 5
715 28 4
1072 983 2
1654 1304 4
436 433 7
383 1047 7
1028 1487 2
1074 1523 1
594 1290 6
421 942 8
1360 1330 4
981 169 6
101 1021 5
1586 1556 7
372 1632 3
862 541 2
1592 1586 8
649 201 3
227 1406 7
1610 258 8
465 1052 2
1003 1035 6
859 1478 8
170 1700 7
1254 209 1
1054 678 1
813 858 6
1338 566 3
1162 162 5
1139 1300 6
945 1259 2
575 1506 7
415 1588 1
1596 12 6
667 1560 7
872 155 7
693 558 6
453 1483 3
1251 1307 2
360 1580 7
1466 636 1
1517 1344 8
1313 1566 6
1357 788 4
403 1694 1
1539 666 5
1259 1143 1
754 1670 4
23 1030 7
359 278 1
1749 1164 2
666 389 2
1131 878 5
566 1081 3
1265 1741 5
1308 1150 8
1086 1164 2
467 698 1
842 1239 2
998 1185 6
1363 173 2
509 1356 4
1567 975 2
1231 1110 7
1333 1062 5
925 14 4
1146 1217 2
120 718 1
322 367 1
1183 682 5
923 1351 6
881 147 3
1128 1096 6
1385 837 8
526 1161 1
1215 1105 1
1408 1275 2
173 301 2
840 1718 8
520 553 4
770 1546 2
94 50 3
349 1551 3
1234 1332 3
1202 358 2
843 1703 4
1278 1097 6
1607 930 2
1479 875 8
699 1414 2
431 137 8
1153 1382 1
770 167 4
1595 323 7
1244 64 8
1142 451 6
1126 139 7
230 516 2
686 1644 7
696 1134 2
88 672 8
1065 1263 1
951 1436 8
1282 128 4
136 269 6
1088 1090 7
167 1431 4
213 384 1
95 974 2
910 449 7
397 460 3
1740 745 2
1295 343 7
1672 962 3
115 1591 1
1416 1549 7
1499 759 5
1386 740 3
223 1432 6
485 1344 1
719 298 7
287 537 1
742 656 8
496 1378 6
384 1675 7
891 1640 3
1008 580 2
1253 660 1
1195 1116 6
1045 774 8
1665 1369 4
227 646 8
14 792 4
348 694 1
1077 69 4
143 1503 8
472 1151 6
360 1466 3
351 1708 2
1001 773 1
294 417 2
1068 5 7
240 934 7
1078 953 3
583 480 4
293 1082 8
1017 1485 4
1469 1692 6
1253 1356 2
255 1137 1
317 140 8
1088 1625 7
1104 1457 5
1370 762 6
1206 821 6
881 579 6
1010 1472 7
1716 332 1
1374 1555 5
884 356 3
1689 833 1
1429 1658 2
146 1050 6
256 140 7
41 697 6
490 1091 5
1110 588 5
1246 662 5
240 788 4
1732 1184 6
1555 668 6
425 1384 5
91 909 2
967 1735 8
35 817 7
1308 1601 7
1411 488 6
1241 1226 2
1503 1608 3
1302 1224 5
1502 219 8
261 763 8
529 1569 3
1599 245 6
376 557 3
458 441 1
566 1539 4
1594 1064 4
978 1105 8
1529 1558 3
983 633 3
1587 394 1
890 202 3
1669 728 5
73 1476 8
1221 263 3
760 1635 2
473 829 6
340 908 4
149 627 3
1680 512 3
1732 1650 5
383 1451 1
201 732 6
1536 986 2
254 1019 2
1251 1339 2
243 404 2
1258 195 4
873 61 5
1140 1540 3
1485 143 6
1206 1240 1
478 1426 8
948 102 8
650 493 7
351 139 8
91 1317 1
175 1457 4
63 631 6
1426 1467 2
373 742 4
59 613 7
504 277 5
471 901 2
1100 1233 7
1441 1732 1
252 1434 7
1286 1289 6
412 1637 8
1040 552 5
1516 1195 6
440 934 2
414 49 3
971 716 7
1537 1183 5
1574 1359 7
1370 1004 8
1633 1682 6
1531 1261 8
709 270 6
495 1451 3
56 871 8
1008 1581 2
324 625 1
790 735 8
249 354 2
1081 306 1
1443 580 3
481 150 6
1302 1677 7
615 805 3
554 386 3
883 100 3
1288 790 4
354 190 6
719 1577 2
1347 469 2
646 1630 7
612 1606 5
1578 1695 2
863 452 7
1320 594 5
1196 1217 8
1312 545 3
1145 943 5
1688 672 1
1351 1192 8
1377 907 8
176 425 1
1634 10 5
535 981 8
996 1717 3
446 1300 3
160 1533 7
1216 802 5
246 1292 2
1454 441 4
1351 295 3
1242 717 5
1208 1685 1
45 677 7
1022 195 4
906 554 7
1141 1064 8
966 268 6
1556 96 8
164 265 2
1664 844 4
1400 1566 3
1361 925 1
1529 234 1
1164 1351 6
122 1312 7
1098 1549 4
1392 1064 5
225 1118 5
1667 229 2
1133 572 3
883 494 6
854 1523 7
353 710 2
62 452 6
500 1323 1
495 492 1
1443 931 1
1575 1229 7
360 146 3
956 1664 6
1107 976 1
1597 520 7
285 295 1
8 841 7
272 866 5
542 184 2
1165 1422 1
1404 1610 3
304 769 4
1425 259 5
1484 1336 2
153 988 5
1472 1697 7
677 848 3
1529 734 7
1366 229 8
1490 649 7
512 143 8
1179 1110 7
827 42 8
1352 1671 1
1045 331 5
1148 1458 2
1520 359 8
1035 23 7
15 972 4
867 684 5
692 1601 5
1360 1475 5
994 1300 2
983 1404 8
824 1547 7
680 1248 4
966 587 1
1436 1542 8
1070 478 3
1600 1024 4
788 1532 6
1 708 7
223 1436 5
1432 1075 7
1333 918 6
1127 1360 1
1062 830 8
1385 1168 3
986 894 5
472 98 6
1075 661 4
741 1321 2
6 40 5
1098 1519 1
499 325 6
698 47 2
629 1355 6
635 1591 6
694 1391 5
524 725 8
1399 1605 5
757 1397 1
428 882 5
1706 415 5
1593 77 4
1465 826 1
339 890 3
1012 233 6
388 922 8
350 165 5
793 43 5
380 203 6
173 864 6
1239 1606 5
259 470 6
789 1360 7
527 616 1
647 1533 3
390 1186 6
357 840 1
1236 1654 5
71 708 1
1244 1173 7
1342 823 4
447 267 5
1059 1188 7
1093 1376 7
1140 583 5
1054 636 3
552 1344 7
623 1541 7
233 961 4
1350 946 6
1075 230 5
1576 430 5
1533 811 6
1530 51 3
949 1342 7
321 420 6
1641 524 5
859 403 5
1725 782 7
395 442 4
1414 1411 1
891 673 5
1467 1720 6
549 1194 3
661 342 1
627 1294 5
614 1137 7
1337 1244 1
196 1166 5
1628 893 4
571 180 3
1457 1668 5
1354 32 3
157 1612 7
1415 1092 4
1644 4 4
746 1453 2
1670 252 6
689 1263 4
637 316 1
96 122 6
633 447 2
829 694 4
798 221 4
908 992 2
1139 1088 3
316 552 3
1564 1373 5
583 1717 4
1379 1682 8
320 791 6
207 1337 4
523 1450 2
1446 971 5
483 10 5
1527 961 1
1 64 7
1316 35 5
769 1138 2
1649 1460 2
268 176 2
1096 683 6
94 1000 2
761 746 5
901 324 4
1593 1358 6
189 472 6
1618 624 1
1291 553 2
1465 1044 2
1720 502 1
1219 927 5
228 267 4
583 1149 2
240 134 4
1733 243 5
227 282 7
923 694 4
434 963 7
1409 637 5
1681 845 7
574 1035 3
1227 416 2
1479 550 5
1572 434 6
1640 320 5
1319 479 7
1487 1699 1
1629 1208 5
865 629 5
1036 253 5
878 863 7
1012 899 6
725 999 7
1181 459 2
1007 59 5
899 1527 2
498 28 3
1324 882 2
585 1643 7
952 1571 6
908 1331 7
236 195 7
639 1318 3
52 90 7
1535 664 8
221 1368 3
254 493 7
611 440 8
75 1308 7
1192 519 7
1027 1697 7
1402 360 5
1409 99 2
1218 656 1
1594 1430 4
1344 772 5
61 1511 1
1103 1638 5
1195 752 8
1372 1467 8
1416 766 6
108 1002 8
1239 846 5
150 137 4
798 1368 4
1631 757 6
1281 178 5
1021 1115 3
1234 517 6
525 966 2
8 1306 4
1376 641 7
4 391 1
1391 1529 2
1299 358 8
1 825 5
822 1646 8
97 1144 1
827 382 7
1083 252 4
1304 1748 5
1070 1711 8
436 1317 1
1252 814 2
445 320 2
1125 373 3
254 648 7
874 133 4
1497 1177 3
725 166 7
1363 864 6
12 800 8
748 886 2
1651 1440 4
41 1068 7
1684 963 5
191 531 2
1346 734 6
838 1713 5
1119 895 2
1310 958 8
1138 1672 6
1198 1227 5
617 767 2
702 1434 8
954 9 4
186 15 7
75 554 5
570 551 8
481 207 8
1738 46 3
551 654 6
1117 613 5
1170 1505 3
507 1646 2
1635 1211 4
1472 1099 8
903 1220 5
753 776 6
1393 332 8
685 1361 6
991 887 5
760 373 3
1581 638 5
914 1041 8
1329 1484 8
534 1645 7
482 638 4
329 957 7
1266 1730 6
1558 357 7
1332 988 3
1106 1130 3
74 1246 5
1421 248 2
694 1096 3
1355 1024 8
1127 1475 8
460 1275 1
961 656 8
444 189 4
594 1182 1
1148 339 6
802 723 2
1099 522 8
557 873 6
1396 1669 3
995 482 2
946 622 8
672 511 1
169 928 2
1029 482 7
381 830 2
770 1394 7
1299 1366 6
552 264 1
1692 217 4
1081 389 5
1276 1481 7
576 1743 3
1611 255 2
454 1297 5
1352 1683 8
147 305 6
348 923 4
815 984 7
1118 265 7
1465 628 2
357 888 2
1122 1443 5
745 609 3
1419 21 6
474 1149 3
1189 911 5
439 627 5
1493 729 6
372 33 6
832 451 8
61 947 8
1734 374 4
211 402 7
1624 132 5
548 793 3
178 292 6
158 1126 7
1315 526 6
116 943 3
1024 1241 2
997 280 6
234 113 2
283 690 4
360 1596 3
862 1532 4
1731 1516 1
197 1271 3
703 1496 2
869 1531 4
1200 129 8
384 1456 8
850 765 3
309 202 4
1621 766 6
124 1661 6
122 906 1
1724 314 2
1436 883 2
64 1009 7
279 1014 6
446 1445 7
849 735 4
158 887 1
87 325 8
889 483 3
117 655 8
988 385 6
60 779 8
356 92 7
1681 1494 4
959 319 2
1740 1390 8
579 466 8
477 292 8
1228 928 2
541 1547 3
315 1566 8
773 1160 5
281 534 2
527 464 4
1641 773 5
1555 1442 6
861 1747 8
1649 1339 6
616 464 5
1635 1527 4
717 559 8
504 401 4
1199 268 4
1013 420 2
1087 1208 4
1135 1238 5
435 1004 6
1212 1737 7
587 176 5
877 653 1
1008 555 3
279 713 2
187 720 1
278 1225 7
1524 1380 1
1113 902 1
457 1563 6
958 1703 2
705 607 8
538 512 7
1466 1050 3
1278 453 2
69 176 8
21 1724 4
427 1449 3
109 965 8
969 1648 1
157 114 4
1134 660 3
183 704 2
1036 82 1
654 1562 5
768 506 4
397 1264 4
591 1487 3
827 247 4
859 773 3
664 1217 8
1498 1245 7
1337 764 4
1611 1415 7
1513 1176 2
1391 1192 2
581 175 8
350 1501 7
1621 1416 8
1124 628 2
1040 81 6
39 1212 1
252 459 5
1465 956 7
1676 991 7
1744 597 2
1284 849 8
1365 1254 5
1460 44 8
112 255 1
379 504 8
668 531 6
41 1480 2
13 359 2
1119 553 1
110 1571 3
1495 1328 6
1484 937 1
80 44 7
760 961 4
514 1249 1
1663 1110 2
1285 808 2
1553 1536 1
531 1382 7
237 1198 5
1323 1278 1
1548 405 2
311 283 3
1031 1110 2
40 462 5
72 1077 2
1399 1585 2
305 897 5
93 1272 1
1113 1394 7
1714 1249 6
1329 1132 8
77 1349 2
1127 920 6
1659 753 5
1551 690 3
1701 292 8
1729 843 3
1125 1211 1
794 1226 5
1512 254 6
1214 1515 8
28 996 1
345 1428 6
906 1659 6
1511 811 5
1069 1698 5
1674 200 8
26 1111 4
1006 850 7
927 480 6
930 124 6
1374 455 4
350 1573 4
1029 677 6
407 257 3
1096 1391 7
1413 577 5
1479 959 2
775 271 7
21 18 3
496 1227 3
202 898 2
473 1427 6
1155 1651 7
765 1025 6
1714 889 3
1160 443 6
845 256 2
1468 418 4
1361 589 3
676 14 4
524 584 6
1521 558 6
1031 968 4
1306 1157 2
984 629 7
1330 431 3
1264 387 1
1488 559 1
1280 1743 2
806 1677 4
1456 1525 7
1250 510 4
332 1607 7
119 994 4
950 744 1
53 52 3
508 605 7
942 1242 2
197 1208 8
1243 802 3
289 1562 3
1315 1147 7
993 962 8
1484 504 7
123 720 1
1296 297 3
1515 1725 7
398 1561 7
604 941 3
1632 717 1
965 589 3
1297 1559 2
1241 1034 4
118 881 1
1157 1231 8
1212 83 5
689 460 7
165 185 7
600 803 8
1015 704 5
596 589 4
222 1016 5
1241 1722 1
754 746 5
1152 169 3
1643 348 4
1499 499 7
599 1515 4
240 881 2
1205 929 6
268 484 6
1093 75 7
375 1008 8
96 1247 4
138 342 5
309 427 4
576 1057 7
700 1126 6
563 825 3
763 1428 1
1313 315 3
207 764 1
322 1349 4
1331 733 5
1600 241 6
583 1219 6
1000 1552 8
1065 1623 7
1187 821 7
1149 480 8
1588 768 7
1369 1493 6
1426 894 4
582 1723 3
238 1198 8
232 828 8
1031 15 6
955 200 1
201 359 1
282 1103 4
1725 34 7
343 1648 4
1228 685 6
554 476 4
754 1379 3
875 958 2
466 1547 8
86 343 4
1688 842 6
1586 356 5
35 803 5
767 1627 4
1186 59 2
1238 2 7
1343 470 4
864 938 1
1008 45 7
1009 1521 2
1341 1022 5
926 1623 6
1628 632 1
1069 608 2
301 796 3
1032 648 7
147 579 3
120 1317 5
639 878 6
987 1038 1
74 1253 1
1713 1676 4
1284 1698 5
1647 1139 7
1037 468 4
1202 1366 7
426 1750 4
927 490 3
591 1678 3
1613 1626 1
235 794 3
1701 640 2
690 609 5
1354 469 3
1061 1558 4
992 1261 7
1300 1364 4
1558 113 7
163 227 8
1514 1516 5
1417 812 4
1608 611 6
1734 454 4
1480 1068 8
284 212 4
836 515 6
149 1464 8
884 454 6
416 601 5
771 1749 4
571 533 4
488 1296 4
1077 1447 5
120 912 8
418 884 5
323 1602 2
1290 599 2
1746 240 4
872 439 5
787 1084 6
737 1684 3
989 1250 5
1491 1064 1
1182 599 4
366 250 4
1176 688 4
868 1743 4
49 557 4
1232 767 5
906 1312 1
1573 1501 5
1423 1279 7
1016 811 2
786 1127 3
1642 381 4
1661 1251 2
757 1657 5
1730 1425 8
1003 1030 6
87 388 8
1160 1739 3
1206 1320 7
323 108 8
194 1650 8
597 1488 6
459 1059 6
242 904 7
1574 1491 5
984 367 3
1133 1599 6
970 1746 6
936 1350 5
1650 409 7
1270 1408 4
1220 131 3
382 352 4
1230 937 2
906 1601 5
119 105 6
1522 367 4
909 284 8
318 1453 5
250 1105 2
709 1412 3
441 627 5
485 1683 2
1421 438 4
809 884 8
1545 1371 2
1493 178 4
1293 1464 8
1685 556 6
1289 1010 8
1671 1051 5
365 106 4
1362 345 1
1704 1336 6
1681 1248 1
1420 269 3
581 1175 1
1263 397 4
1489 1687 5
1281 477 7
919 1169 1
477 1534 8
84 4 5
1503 611 2
1418 1508 8
228 1564 6
85 792 8
498 715 1
322 413 7
5 467 4
1498 867 1
564 823 8
802 419 8
77 1269 7
1674 311 4
1406 1204 1
348 829 5
1019 525 8
1145 1382 7
1367 109 5
1689 917 4
367 629 5
1309 401 5
1510 311 5
1377 41 4
578 146 2
1695 1423 4
1034 1545 6
117 18 6
1603 172 5
1721 617 8
1740 66 4
456 777 2
755 1206 8
786 1198 8
318 11 5
944 1026 7
1516 35 7
952 110 6
1321 1402 8
1319 269 7
1321 787 1
798 256 3
1610 199 5
1502 411 7
862 579 6
1415 1509 3
682 788 1
1367 1355 1
337 957 2
1581 857 2
1181 1686 6
801 650 1
491 1421 2
655 643 3
821 1107 6
1084 1654 4
335 366 5
205 1063 2
1660 598 3
985 688 7
889 1698 3
463 1410 3
1710 962 6
572 217 1
507 833 2
1540 480 2
1533 1541 2
953 1415 2
843 319 6
633 308 4
72 648 6
623 1696 2
636 12 4
1223 1652 2
287 1637 4
1485 724 5
451 1463 4
1693 689 2
699 1425 1
852 1429 5
73 279 7
887 1708 5
1168 540 8
1104 938 1
629 1600 8
1425 1343 3
1253 1705 5
205 497 3
316 1671 7
665 879 2
1107 705 3
227 1347 4
1435 40 5
1136 454 4
480 1091 8
29 550 2
156 1141 8
578 678 7
1341 1374 2
377 1522 6
364 852 7
737 1203 7
1142 1256 6
64 1468 4
355 379 2
93 95 3
339 427 2
1557 1427 4
1341 1555 5
180 1231 5
515 927 6
237 275 4
626 410 6
952 765 8
1025 352 8
1677 1169 7
1332 30 3
1536 1238 3
1391 285 2
599 1725 3
803 47 7
214 1012 5
210 1704 4
169 685 4
288 838 7
46 186 3
875 959 7
595 1474 2
1246 1705 4
631 1334 8
1604 421 7
967 160 3
549 703 5
1340 461 3
859 166 5
724 1362 5
624 1163 2
1055 523 1
718 909 1
668 191 1
1069 175 5
326 563 6
386 3 7
335 154 7
827 634 5
779 583 1
1186 1259 5
1449 224 1
871 1538 6
1505 1729 2
799 670 4
572 245 5
1280 769 5
601 150 1
829 683 7
729 985 2
808 1595 6
1101 1151 3
677 595 5
547 168 4
39 612 3
112 1157 4
434 940 6
841 1003 1
130 1207 6
1371 153 1
550 1703 1
1482 1685 3
593 1417 1
1098 354 2
1310 843 2
590 273 4
675 1106 5
1749 310 4
914 1011 3
6 1300 4
1377 697 7
425 1223 2
1259 639 5
1021 814 2
1322 1199 8
1316 1588 2
1165 262 5
135 1394 4
1637 1238 7
477 435 2
149 347 8
1419 117 3
151 140 3
649 1520 2
1364 617 5
1384 59 4
436 284 3
1565 950 7
106 816 4
102 1299 8
1028 1078 7
1065 800 6
1617 664 2
259 1695 2
648 1322 3
1553 192 7
1407 363 6
537 671 3
1394 1298 4
162 542 5
952 9 7
101 814 2
1491 1141 4
1687 421 2
1291 1287 8
935 724 3
809 1723 2
1725 1535 3
1423 1727 8
269 93 8
1421 1350 2
96 374 3
120 410 3
140 394 8
21 643 7
89 334 3
318 1670 5
1244 1167 6
903 498 3
62 950 2
657 1573 2
1472 44 1
1602 450 1
1040 637 7
589 676 6
1170 1715 5
768 48 4
1265 828 2
1482 1651 8
497 899 5
276 1170 1
908 869 7
1423 686 2
1232 1637 5
650 630 7
1261 547 5
351 913 2
1713 634 7
915 1422 1
1463 1438 5
812 941 6
954 1025 4
1465 894 7
946 335 6
60 669 7
1169 423 7
863 678 3
126 315 4
1016 667 6
1236 1045 2
819 120 3
802 697 2
1043 386 2
108 105 1
292 869 1
1075 883 3
1468 809 3
1135 986 8
120 1071 5
586 1348 3
1651 556 1
775 1278 6
1466 835 2
973 1198 6
21 101 7
384 1525 2
1473 169 8
1305 781 7
650 1032 5
797 96 7
153 181 6
1696 511 5
275 1198 6
1721 79 1
323 123 8
395 563 6
1732 409 3
1309 549 5
119 65 4
303 311 3
935 882 5
1503 261 6
999 784 8
395 1 7
1197 655 6
1261 1147 7
1088 40 8
162 184 2
1178 253 4
229 851 3
626 718 3
1088 1364 4
590 9 2
56 191 2
1638 32 5
1508 1502 1
732 1225 3
412 1536 4
287 671 6
706 134 8
1147 1303 7
770 656 3
657 185 5
556 1703 3
1606 1624 3
501 1593 3
1385 777 4
937 277 3
1702 1219 4
237 1330 6
1157 46 1
443 1492 5
1734 437 4
1614 1684 7
94 1320 4
97 341 4
5 1316 7
1254 1405 7
163 1619 4
506 361 5
610 251 4
805 1388 8
223 314 4
125 561 1
1009 1167 1
1598 570 6
118 682 2
475 242 5
133 249 5
107 883 8
1357 682 4
651 991 6
123 6 3
145 1222 6
956 844 8
1716 142 5
1577 1704 7
1203 1055 1
1072 1101 4
1504 1394 4
767 537 8
1690 1248 6
1052 551 2
1290 804 1
1295 1725 4
1095 853 1
1035 1030 2
218 731 1
1430 263 8
1228 596 1
576 1138 6
1186 613 3
74 1274 3
1240 1107 5
421 1200 4
1371 1448 7
326 708 4
1424 219 8
637 772 4
687 1471 4
65 40 4
1027 216 8
300 877 6
1293 1038 2
968 15 7
543 1684 5
1590 842 4
820 1567 2
385 254 2
905 1471 4
1345 972 6
1672 602 8
1404 1439 1
472 983 5
540 1727 6
1437 899 3
1252 1115 5
1358 1473 7
691 81 7
146 1596 7
328 16 4
737 513 6
1547 1319 6
114 1491 4
216 618 4
1727 210 6
203 830 8
1246 1498 3
169 596 7
771 683 5
631 953 8
1301 1681 6
593 1495 7
1500 659 1
842 511 7
735 173 6
797 437 1
870 662 7
240 1403 8
1124 826 8
1277 1463 2
430 56 1
377 1358 2
1186 1384 3
1594 163 5
342 339 6
1422 1120 7
92 1308 5
417 243 3
1364 1553 7
12 331 2
1323 991 1
664 1196 3
894 956 1
768 1116 8
380 805 2
969 34 4
171 54 2
1209 323 7
1027 1099 8
5 723 1
467 1550 4
1467 1162 8
246 990 5
1588 893 1
416 1398 2
70 80 4
938 1539 1
1394 141 7
987 87 6
455 56 6
1415 614 3
458 627 1
959 786 8
846 17 5
665 687 7
428 52 3
205 214 7
608 175 6
1739 236 5
585 473 5
1386 1707 6
1455 680 2
1719 539 1
1116 506 4
1116 253 7
1225 777 2
184 1621 8
1104 173 4
1537 104 3
566 306 4
439 347 5
243 879 8
1148 516 8
1402 1466 3
599 1395 4
470 297 5
278 777 7
843 789 3
482 931 4
837 1279 1
1250 587 4
1650 63 3
1718 262 2
389 1517 3
922 428 4
81 772 8
1697 1658 5
844 1575 8
1376 554 1
1690 317 3
1182 1290 8
759 325 1
36 1177 6
1417 380 2
256 1056 6
1142 670 5
1227 368 6
91 1641 4
1211 1394 8
750 633 4
280 701 4
800 1693 6
661 230 2
1195 1178 8
375 659 2
331 544 5
666 99 3
1392 163 5
627 87 2
1459 335 5
731 575 7
877 304 8
836 1717 4
628 1575 3
1737 63 7
1276 583 7
1112 1147 2
1495 1642 2
831 1618 3
83 1737 5
416 431 7
762 736 2
158 1639 6
1443 482 8
529 1124 5
1657 1677 8
1540 1595 3
933 1212 3
343 969 7
1716 714 5
1525 337 4
246 111 4
207 816 3
1536 527 4
1059 696 1
1091 450 7
494 339 5
885 170 8
1320 821 4
670 384 8
1025 634 7
176 1223 3
567 626 7
755 50 8
154 740 1
1101 750 7
1216 907 6
397 89 3
875 319 8
999 1739 2
981 1600 7
1344 264 3
1079 1441 8
1741 740 4
681 790 8
959 550 4
1150 753 6
1198 270 7
321 1331 4
633 258 4
135 1113 4
1353 284 6
1614 1203 3
1491 156 7
1052 953 8
1143 977 2
990 820 7
475 34 2
382 1676 2
238 786 2
1290 1515 4
716 578 7
1383 215 6
292 640 2
1542 339 3
53 1017 5
1530 1712 6
1066 217 4
1089 1559 1
62 1321 1
31 1689 1
1205 1428 8
1689 293 8
1270 397 2
262 1249 2
263 1163 7
1588 817 7
1308 1659 4
1053 1342 1
1196 834 5
1121 1134 7
622 1386 7
621 1000 5
367 981 7
329 810 8
333 1333 3
1249 1698 8
595 715 1
1500 1501 7
45 121 8
1680 1485 7
329 1613 8
345 706 8
1020 186 4
1493 688 4
834 457 1
1096 734 7
1256 213 2
1229 1549 1
518 1112 2
156 1618 5
1696 1590 5
946 154 2
871 191 8
593 609 8
1658 1589 2
1338 330 6
1364 1232 7
113 519 2
630 72 7
1159 1315 2
1374 236 6
1092 1179 6
500 382 4
1444 708 1
1249 1069 5
892 1084 1
1722 14 4
1671 201 4
1430 1103 7
1301 1494 6
1326 1566 2
489 1379 7
603 189 8
1259 977 3
1076 688 7
520 125 7
1442 1538 6
1386 1741 5
181 630 4
1548 245 6
651 1097 4
1423 84 2
592 72 1
137 211 7
1225 1423 5
954 110 4
674 298 8
1260 1274 7
197 556 7
1516 1588 5
895 115 7
982 412 1
469 1375 6
881 1532 7
107 230 6
734 295 4
400 499 5
291 1599 6
889 1284 5
9 1713 8
614 180 8
1136 356 2
325 68 1
1227 24 8
479 911 4
379 27 2
472 721 1
322 1367 7
465 266 8
570 1067 7
409 1052 6
874 979 6
256 1368 3
1603 293 5
560 1013 3
240 862 1
1589 567 1
217 1626 2
676 1545 3
1236 636 7
37 1429 1
973 789 6
464 826 8
236 1258 7
560 992 5
369 1715 7
1030 853 2
675 1563 5
420 547 6
1450 713 6
1479 843 8
1697 567 8
136 124 3
1031 1003 2
1601 554 2
732 297 1
308 847 5
1055 1450 1
1274 1705 4
1053 445 5
185 555 4
55 417 8
1024 596 1
749 267 2
1199 966 5
1393 136 6
1309 548 8
249 761 3
835 1623 8
346 247 5
619 938 8
911 930 7
1238 1465 5
1301 1690 8
510 425 7
178 1701 6
349 1495 5
1153 1750 2
777 540 6
1299 914 7
917 293 3
1704 27 7
1140 515 8
1730 732 1
792 731 1
1182 1335 4
278 456 2
1157 1031 6
1295 34 5
565 257 3
1092 1306 8
48 1489 3
443 1694 8
1440 556 5
1252 1381 1
372 1123 4
73 1609 6
513 940 1
333 918 2
435 292 5
875 642 4
1463 220 8
630 536 1
677 498 4
1700 250 1
920 481 3
758 949 4
449 389 5
1670 1046 8
1398 1462 6
9 346 8
1576 193 3
1512 650 1
11 252 7
1677 510 2
1573 185 2
1384 977 1
251 526 8
1478 999 8
974 37 7
1541 1688 4
1381 883 4
73 921 6
906 692 8
865 1349 4
1663 15 2
676 944 5
1114 1021 6
1334 654 6
239 670 4
1128 694 2
559 248 7
1257 151 1
1703 973 5
950 360 1
499 53 2
335 324 2
1047 466 8
18 1021 5
678 636 8
1240 658 2
526 303 1
185 1581 4
432 1727 4
938 566 3
723 1516 4
1115 1075 1
1515 475 7
750 847 2
1144 961 3
33 1222 1
1297 1308 5
1744 421 5
1750 205 2
88 39 1
926 689 5
92 1601 4
887 1665 8
516 890 4
718 433 7
1711 478 6
1273 1435 4
675 1366 2
1057 993 8
1429 216 3
84 1279 2
768 1036 8
1409 389 4
1628 1195 2
1370 292 7
369 1710 1
1367 1152 3
168 1118 4
918 203 8
1318 62 7
1661 95 6
656 117 7
1009 809 3
879 320 4
988 1254 1
1071 1317 7
1066 1692 8
955 349 8
34 1146 2
808 1399 7
238 237 3
584 212 2
1594 1359 5
1033 201 6
1634 619 4
696 1246 3
1557 348 6
734 336 1
665 243 4
404 1053 2
1458 516 5
1591 273 1
521 612 6
592 648 6
582 418 4
560 1112 6
1444 442 4
1219 1091 3
814 1075 4
1650 132 5
1660 904 3
911 1523 6
1146 1299 5
1476 1609 2
1741 1707 2
223 1075 2
398 1275 2
1271 319 8
102 675 2
224 1335 8
1675 206 3
731 517 3
603 983 7
1620 874 6
1318 950 3
706 118 8
773 999 3
126 1566 4
1120 1288 3
1731 1628 1
753 641 6
492 1319 6
164 955 3
1314 495 7
464 1372 2
1504 1218 7
918 396 8
1240 594 5
1005 1474 6
1300 710 8
247 271 6
970 345 7
930 1272 7
371 597 6
996 515 2
867 781 1
66 349 1
1092 533 1
1248 221 6
1139 1090 3
1627 1536 8
756 1130 1
130 1534 4
241 925 4
616 1372 8
178 435 5
102 1011 1
1277 384 8
330 910 2
858 1573 7
1519 1549 6
1187 658 3
321 1531 8
62 744 6
638 378 6
843 550 2
933 932 6
915 783 6
1247 692 5
825 152 3
1055 279 8
1521 1167 8
774 1270 3
1505 1208 4
121 296 3
1705 198 1
1339 1289 8
1245 204 6
175 301 7
8 46 6
1318 863 8
1391 778 8
687 1053 6
1079 1239 2
125 370 5
870 660 4
924 949 3
1550 600 8
1616 888 6
100 342 2
210 391 2
351 700 1
453 1407 6
397 711 2
942 1488 6
462 1553 5
318 1379 2
1290 976 2
1743 993 4
1662 357 8
1681 468 5
239 1142 4
623 1016 7
850 273 2
1094 798 2
1196 102 1
140 1587 5
430 191 5
1528 1140 1
221 1056 4
688 1534 8
785 1 5
624 263 7
937 549 3
1718 1422 7
480 808 3
215 1701 8
1520 1051 4
327 819 6
1483 139 6
1744 1123 3
348 1679 6
1135 2 5
1326 877 4
771 1096 7
1232 1553 6
901 1700 4
1446 878 7
1492 430 8
142 1607 5
348 1086 7
732 278 6
530 523 3
814 314 3
1073 306 2
108 1605 8
1090 1300 8
220 1456 5
678 1050 3
1268 699 2
115 635 8
156 1619 5
1161 1740 4
274 765 3
231 584 1
143 261 7
169 589 2
371 942 5
814 223 2
748 1527 4
454 1247 4
1748 1693 3
864 301 6
1737 1184 8
312 575 6
788 383 5
1589 866 3
1074 124 5
1564 1614 4
666 1691 5
1594 1491 3
1077 226 1
183 20 8
1419 141 2
1489 145 8
1519 754 4
429 973 8
1370 1666 2
1602 739 5
476 872 7
991 158 6
1635 161 2
312 731 7
163 1103 8
1723 418 5
1533 667 1
1403 881 3
371 1242 7
1082 1094 3
1397 1224 3
468 1094 2
1046 252 6
402 1136 5
1571 1166 4
1230 277 2
572 1692 4
129 559 3
556 1310 6
1739 1576 1
618 1071 7
1601 753 6
660 997 8
1523 93 3
371 1200 3
585 103 1
1235 1523 2
937 1194 7
1017 428 6
866 91 1
1176 178 8
1274 198 1
610 168 6
731 1262 3
1189 1319 1
696 26 5
442 825 7
410 1353 3
520 1006 8
467 600 7
961 770 3
1456 1548 2
891 791 7
161 1504 8
321 1159 8
595 257 6
712 252 2
607 475 8
310 683 8
1408 78 7
742 1218 2
1132 379 1
368 106 1
118 383 3
1235 399 2
773 22 5
301 1338 8
612 846 3
1170 993 4
1236 1180 8
1690 1213 4
1110 1035 3
311 487 8
236 430 5
213 1675 7
771 1679 8
452 1580 3
492 479 7
1344 1268 4
1455 1094 7
1198 416 5
459 751 8
700 1369 3
328 722 3
498 60 7
1504 1419 5
256 505 6
1331 1159 6
1544 53 6
1657 919 6
1635 373 3
1613 907 7
1152 965 1
787 678 8
1568 1138 6
1461 1186 4
1638 51 5
1420 930 2
1673 976 1
110 1025 1
1402 1084 3
234 336 3
973 644 1
205 1382 8
1398 1018 4
105 446 7
1610 1564 1
1696 39 1
520 1291 3
1001 999 3
893 48 7
412 1070 5
495 142 8
1371 731 4
1517 81 4
483 581 1
552 649 3
147 495 8
963 713 7
744 360 6
1348 1292 5
745 690 3
1108 1388 1
1260 1356 4
373 1546 4
907 1068 2
1453 252 1
346 1676 5
327 626 6
745 604 5
1446 977 1
509 870 7
1602 1002 8
330 449 5
919 1186 2
84 432 6
41 419 2
1590 39 5
796 1185 1
1564 513 5
1312 386 4
1409 81 7
1086 1679 8
106 1462 5
1498 997 2
316 1268 4
832 1277 5
379 1230 1
1133 291 8
780 950 1
237 709 5
156 1221 2
1627 671 8
1720 1620 5
394 1292 2
1574 1141 7
265 487 6
1417 690 7
578 1054 2
70 1289 2
1668 864 1
903 848 1
1659 856 2
952 273 5
486 358 5
1227 431 8
1021 951 6
523 294 1
928 235 8
934 147 2
1544 1499 7
927 474 6
1495 1582 1
1263 1172 2
306 1517 6
645 947 8
59 1267 6
950 452 6
500 42 7
1509 1092 1
27 549 8
135 167 5
879 949 7
1004 736 7
1577 1132 7
1688 511 8
1442 20 6
1008 861 1
1425 1411 6
848 378 6
184 979 2
988 1512 2
150 816 4
179 844 4
1618 227 7
112 180 2
951 314 1
917 1301 7
1543 1286 5
1276 1140 2
17 63 8
162 1621 5
1345 605 8
233 1504 5
1186 1143 7
737 73 8
1405 209 4
1346 1391 8
713 404 2
1170 1672 4
314 138 8
1567 623 1
638 595 5
583 490 6
184 1229 8
1572 543 7
1357 383 1
288 952 8
1664 1507 3
930 964 8
156 1359 8
926 800 7
751 696 6
846 313 2
953 1562 3
230 94 4
1438 1469 7
1048 1024 1
12 1193 1
1161 1674 6
1521 896 2
1535 1196 2
1648 1146 1
467 1516 4
923 683 3
645 1735 1
345 1746 1
1544 1464 8
1278 818 2
1317 1001 6
991 700 3
960 250 5
1406 646 2
1154 605 2
1570 160 3
194 1487 3
1590 1560 3
1188 1134 2
72 1019 2
1067 1509 5
1474 565 4
441 439 4
1000 839 5
1326 315 7
1237 345 1
1485 90 5
878 716 8
15 1129 1
311 1740 6
789 1198 6
824 1420 7
155 458 3
921 1609 6
1093 1559 2
958 789 1
1459 880 4
279 1609 4
1651 875 2
271 1407 8
1266 1051 4
1390 609 2
38 341 5
103 1128 6
923 1164 7
223 1115 3
1424 1522 1
411 1349 4
1607 269 8
649 1051 7
701 831 5
761 1379 2
1413 1016 8
1642 380 7
821 839 1
1174 450 1
436 718 8
661 260 7
148 37 4
1212 932 4
1234 731 1
436 912 1
964 95 4
1137 46 4
364 44 1
1245 1305 7
1684 73 6
398 1726 3
1590 672 6
345 440 5
871 183 4
584 725 6
1494 1257 5
1031 508 8
517 503 4
912 859 3
148 1286 5
1731 632 1
1554 1469 8
477 1370 1
1256 853 7
1496 603 6
1441 313 6
407 836 4
567 1071 6
1254 536 5
415 467 7
1628 817 1
157 1141 5
66 283 1
1229 36 2
1188 660 6
812 1642 2
974 1289 8
475 969 5
1685 1479 4
691 1517 6
1743 369 8
171 847 6
1229 979 6
1417 615 6
150 785 2
835 926 8
1146 834 5
660 1245 6
111 820 6
959 429 4
1372 1426 5
829 1096 6
1033 359 5
645 577 6
949 445 4
1356 26 8
1355 685 5
465 570 4
122 554 1
928 1361 2
158 700 5
205 943 4
724 611 5
101 1724 8
271 1708 3
787 578 1
1478 403 4
659 995 1
1538 116 4
20 1153 4
1338 1073 7
1188 1111 4
215 688 8
176 919 2
228 199 5
1400 276 4
913 1176 3
362 1652 2
420 526 5
581 1104 8
852 1697 3
524 859 8
1705 867 3
580 848 6
314 1325 2
896 1723 6
1068 1102 2
1239 932 2
22 1694 4
257 1702 3
574 508 8
606 1622 4
1748 1172 8
230 1542 4
1032 72 5
1658 819 8
1305 1669 2
1503 1362 1
1675 76 6
414 111 4
325 538 2
1409 1040 7
1135 464 1
1088 1721 1
304 369 8
1467 1664 5
150 1444 7
1586 96 3
1016 1590 7
1750 943 5
861 857 7
817 48 5
135 1211 3
956 179 7
1023 1600 5
430 193 6
480 1399 6
437 1559 5
680 256 7
492 1393 3
1338 306 2
255 533 2
1341 455 6
66 487 8
1304 1623 5
1723 797 6
614 8 7
1321 892 5
219 865 4
1064 263 4
1160 1694 4
998 306 6
199 54 4
823 1500 2
610 1510 5
703 1194 3
853 244 6
1648 664 2
822 1082 5
1069 1104 1
305 1716 8
1216 697 6
621 1171 4
621 50 8
1065 689 8
1113 117 8
1483 1639 6
1550 803 3
1579 45 8
1647 446 7
889 1634 2
1533 1109 7
382 818 4
456 540 5
1460 730 8
734 1192 8
340 127 7
1342 564 4
1407 913 5
419 600 4
1597 387 2
1196 486 6
413 1048 6
251 1510 8
429 238 7
1308 1043 1
1381 138 3
1386 1105 4
299 1496 2
1216 1480 2
821 1182 4
1081 1185 6
337 1584 6
882 143 5
1190 899 5
4 355 1
1083 1633 1
1302 757 2
762 908 4
571 46 6
1564 54 2
1699 654 2
1701 762 2
811 672 4
567 819 3
1428 1537 5
439 987 6
657 375 4
635 288 1
653 369 8
990 111 1
1057 1138 1
1638 328 1
213 1554 8
847 258 8
1439 749 8
311 349 4
1156 1311 6
286 1734 6
670 1277 2
1007 1652 8
1069 1363 1
679 444 8
1113 656 2
1365 209 3
1293 1544 8
1664 133 6
1592 374 5
1187 1214 7
637 1233 7
909 859 2
447 1439 6
405 1584 2
1112 225 6
86 1295 4
1685 29 2
292 422 4
594 705 8
304 1743 2
1101 308 1
1684 1389 3
1690 1494 7
1723 454 4
1554 1525 7
10 938 3
1742 218 3
1060 1549 2
690 604 8
773 212 7
327 522 8
1508 411 6
1330 1398 3
781 701 8
846 63 5
292 736 5
502 1575 1
1587 414 3
407 131 2
1625 982 7
430 1538 5
1460 80 6
858 564 6
1740 487 5
1631 1447 7
1458 427 1
167 1114 2
894 1467 8
189 721 6
25 311 7
820 557 5
394 414 5
1469 1548 2
1125 1113 4
76 1526 8
516 1449 2
969 1146 8
1255 67 6
633 228 4
68 512 7
1723 884 2
827 346 3
997 1210 6
919 1007 4
1114 18 2
740 411 3
573 923 5
1624 1678 8
715 1528 3
762 869 7
28 836 7
1436 494 1
777 298 8
572 810 1
222 1696 6
856 872 4
1305 684 3
977 716 3
913 1513 5
57 1447 3
617 1553 7
635 954 8
564 1573 1
239 799 6
420 1315 2
274 110 2
1420 1235 2
746 489 8
597 885 4
1208 556 7
1725 1617 2
1049 668 6
1431 1114 1
792 218 6
1642 333 1
102 1366 2
726 475 4
1504 902 8
1224 1461 5
729 1370 8
791 350 2
67 1121 3
1257 256 8
176 1224 2
1559 1150 8
269 1719 3
1244 1468 1
896 582 8
628 1162 1
1747 903 4
776 338 8
1629 875 7
1672 1505 7
645 222 5
1402 1050 6
1513 178 1
37 852 3
844 1229 5
923 1346 2
1134 662 5
1066 1216 2
1487 1598 8
353 1364 2
710 982 6
736 908 5
1394 1419 1
1426 738 1
108 1647 1
743 88 6
651 158 1
224 1182 4
811 667 6
1427 573 1
977 855 1
950 578 1
683 734 7
1662 778 4
287 527 4
928 596 5
949 813 7
1650 465 8
414 990 7
570 1699 3
653 1057 3
664 1202 4
1697 1589 3
1346 1529 1
1329 1309 1
902 1114 3
803 698 5
1529 1662 5
1052 654 7
195 183 7
454 1089 8
597 1421 3
757 176 1
647 623 8
611 345 6
927 1540 2
1030 1095 6
148 80 2
224 821 1
1420 1074 7
368 1018 1
559 901 1
510 423 4
829 1679 6
943 1063 1
330 691 1
43 1101 4
109 1152 1
1725 242 5
670 451 2
1738 1020 5
1399 108 7
172 1690 3
393 1512 3
1433 1393 4
791 1500 3
437 1089 7
290 1253 2
532 846 8
606 988 8
494 1449 5
130 1701 6
431 785 7
1682 459 4
507 172 8
553 954 4
1582 615 8
401 1194 2
848 1220 6
1737 1624 5
1412 1330 6
1159 610 3
1040 485 1
397 1561 6
1399 450 7
917 172 4
887 1126 8
1412 24 7
792 503 4
1037 293 5
709 1227 7
1724 223 5
526 225 7
272 1071 6
56 1538 4
445 858 4
275 416 3
145 1604 4
371 1222 2
23 1095 3
391 1329 7
313 63 7
918 1108 8
837 686 2
543 1389 6
89 1264 7
1469 291 7
273 1713 2
1062 1108 6
1362 261 7
1749 1351 8
1444 1 8
782 1660 4
1502 77 4
408 1603 7
221 414 8
499 807 3
1629 1729 4
1625 1736 2
1215 815 1
1202 914 1
1257 140 1
329 1377 7
1367 1048 3
687 758 7
1514 35 7
144 868 6
1335 726 1
1038 759 6
1476 294 3
1597 1287 3
334 370 8
21 900 1
1086 694 3
770 1504 8
1374 1492 4
255 1306 1
1020 574 4
1669 781 8
1245 1669 8
63 1487 4
4 1230 4
983 308 5
1516 698 3
872 149 4
1615 1381 5
876 1230 8
1231 1003 3
1750 174 3
987 499 2
930 93 2
173 938 4
671 1465 4
206 1526 3
1578 278 4
509 1260 8
1288 1714 1
629 981 6
1263 460 7
483 1698 5
460 1561 8
289 1415 3
34 1196 1
1413 1511 3
275 1475 6
641 1709 5
923 1749 2
1534 435 7
1662 734 1
204 1210 5
380 381 5
1536 671 5
805 203 1
291 1548 2
1193 331 2
555 45 7
1663 1031 1
1114 655 5
599 804 6
139 913 2
183 1015 3
879 445 3
40 1300 1
1035 605 3
1398 150 4
1242 1200 8
1224 919 8
1499 1464 8
18 101 8
385 650 8
50 1000 3
155 441 8
306 666 2
302 127 6
214 1063 1
636 1045 2
578 1466 1
1395 475 8
728 1392 8
194 591 5
643 951 7
1124 1044 6
1193 800 8
352 818 5
993 1710 8
1588 1195 8
1107 804 6
289 953 5
224 839 2
1296 707 3
178 939 4
879 1053 4
1077 1631 8
1670 712 6
845 1094 4
967 975 2
187 450 6
349 487 8
1026 517 7
1133 206 5
1046 1682 7
629 1048 1
303 66 8
1153 943 7
1068 723 5
1232 982 3
1708 1513 5
1261 526 8
756 923 5
1214 804 7
453 1126 2
212 1160 4
375 995 5
111 406 6
933 1606 3
535 1023 4
1322 226 2
321 992 6
864 910 8
850 110 8
1073 1539 2
549 1072 3
669 836 8
1427 923 1
1690 1094 7
1679 1529 8
1164 1346 1
587 919 5
645 1511 5
1076 729 2
1408 1726 8
1501 1581 2
926 331 4
1706 1102 4
963 523 4
1337 211 4
1541 1696 6
1242 885 3
1645 735 1
1654 1180 6
278 297 5
355 1484 7
1245 701 5
290 1246 7
1212 1606 8
82 421 2
996 474 3
1483 1407 2
373 656 6
881 1047 8
1655 387 1
861 378 3
966 69 7
1374 1049 2
784 455 2
1322 989 6
1718 915 4
346 1278 3
153 393 1
107 661 8
901 960 1
503 30 7
1218 141 3
473 1130 7
107 260 7
531 116 4
1421 559 1
682 862 8
748 1635 4
67 1059 6
1340 1270 2
1708 913 7
919 1117 6
898 658 5
547 1161 5
626 819 2
381 126 1
1463 1675 1
866 1317 7
531 620 6
882 970 5
857 848 4
914 1366 2
420 251 7
1326 1313 2
567 866 5
1578 1343 2
1738 1306 3
188 304 6
659 931 3
1220 257 6
474 1091 1
962 29 8
1412 1398 8
1328 615 8
367 1048 1
678 1654 5
1280 1057 4
801 630 5
708 442 6
794 676 5
1744 1222 8
500 827 3
1685 1310 5
1481 927 3
778 357 5
984 1023 2
418 1586 4
1549 754 3
1467 956 3
1731 467 7
305 541 5
1687 33 1
521 1441 6
41 907 2
1257 221 3
731 606 5
1290 726 2
1048 685 7
855 780 2
1172 1726 2
1090 1364 7
265 283 6
1612 1594 2
297 1225 3
703 603 2
1470 657 7
1613 1243 6
1201 650 6
856 1454 4
678 1236 5
672 39 2
1507 249 5
960 625 2
1060 318 3
742 1419 3
666 1517 3
982 1070 4
1682 1059 8
324 880 5
1269 1023 6
922 344 2
799 1095 6
313 194 6
347 759 8
383 1532 6
1214 607 8
50 821 8
706 934 4
1532 1547 1
141 1197 4
241 1226 2
1062 805 4
52 512 5
569 900 6
1570 873 3
1687 361 7
600 1327 2
1593 865 7
185 995 3
1020 968 1
668 620 5
128 420 7
662 1396 8
149 1544 8
251 1303 2
1651 1271 2
791 1470 6
1126 913 2
1597 370 1
58 552 7
759 388 4
1584 217 3
1591 528 7
1350 885 4
1457 864 8
346 1323 7
1527 1504 8
589 794 4
1354 328 6
323 739 2
366 1265 7
1090 462 6
1697 327 5
1683 1520 2
1159 547 8
1001 859 4
1063 1635 4
564 1500 6
858 1122 5
281 681 8
12 774 2
92 692 6
1630 31 1
1350 1459 2
1644 1132 5
1709 149 2
93 148 1
747 1079 7
258 749 8
814 107 1
587 390 3
898 1214 4
1652 639 7
1085 1502 2
414 376 7
245 405 8
15 23 7
1552 839 1
1699 1611 4
369 1672 1
505 586 2
797 1586 6
744 19 4
412 287 2
157 1574 7
809 1586 7
477 130 4
940 1450 2
817 752 4
630 493 2
978 232 5
1742 944 2
961 1546 1
950 1580 4
947 1735 7
565 1276 8
264 1520 2
1518 1631 4
1418 815 7
189 1072 6
765 1591 4
470 1296 3
10 619 3
811 1486 4
839 1335 3
697 723 6
1581 580 2
79 192 2
1363 10 5
408 32 7
1632 1123 8
360 19 8
1552 1240 6
112 571 3
500 247 3
944 731 5
591 1184 3
1487 1078 3
1278 158 3
536 525 5
598 1202 3
1610 171 5
952 838 4
1344 1671 3
168 955 2
1396 701 8
336 357 7
659 482 4
1049 183 4
409 1078 2
509 290 4
1402 678 8
89 1597 1
1352 1490 7
1687 145 4
699 488 8
1037 845 7
775 887 8
1527 770 2
598 948 3
768 817 4
1741 1502 2
1543 1307 4
1380 1686 6
262 783 7
233 770 8
795 56 3
1465 1467 8
909 231 7
376 967 3
1480 5 5
1632 1488 1
700 139 5
1118 1740 8
942 1632 5
986 2 7
950 1402 6
1607 1523 2
1429 272 5
941 1080 7
1517 772 2
122 692 7
1745 1075 2
895 952 6
1444 395 2
1126 1369 8
1109 1696 4
1553 1627 1
1534 762 5
297 837 4
570 266 1
1290 1295 8
1184 409 8
265 1495 8
1395 343 2
1676 1323 8
247 1323 4
248 946 8
1566 1057 1
1529 1061 4
750 447 8
1011 585 1
123 994 6
521 532 4
73 1055 8
768 1327 4
1418 1707 7
509 74 5
423 1267 3
1081 666 2
1259 1131 2
1670 1379 7
435 640 5
1378 1398 8
688 435 7
2 1426 8
79 287 6
26 562 8
695 602 2
253 371 6
1395 34 8
1641 584 3
164 1551 2
389 58 8
475 1648 5
730 327 3
581 173 8
1336 401 8
15 239 4
543 1476 8
1491 1430 1
1619 646 2
729 688 5
435 908 4
38 899 1
4 1132 7
78 1287 6
934 1314 5
356 1089 3
382 42 2
1718 534 8
1563 1557 4
682 579 1
1609 905 6
805 1326 4
1511 1541 8
718 1001 2
844 980 3
498 565 1
609 918 1
142 479 2
144 576 4
1667 1041 6
1554 76 8
810 1613 2
52 143 2
434 1389 6
1411 278 2
353 462 2
659 555 1
1282 321 2
1294 52 4
1355 109 2
1099 546 7
1141 227 5
310 1346 4
741 62 1
1572 921 7
1137 1110 2
1176 477 4
1215 1502 6
113 336 8
1123 1200 1
820 873 1
64 693 5
1351 285 2
1111 867 7
109 596 2
837 84 6
1701 1004 2
374 1297 3
199 737 6
1483 1126 3
227 1163 2
1744 1632 2
1341 1739 6
1249 889 8
104 682 4
1631 1657 2
353 1721 4
485 1352 8
958 319 1
1422 1288 5
1094 140 5
402 152 8
943 497 2
612 313 2
1152 928 3
28 1528 4
711 387 8
1417 1642 6
1028 1052 1
843 238 1
356 1556 3
692 1376 4
1728 1570 6
1132 1230 6
470 456 2
533 1137 4
772 1233 8
649 1414 4
1489 371 8
1452 1682 4
1612 1141 1
8 1231 7
958 786 2
1600 1241 6
1228 589 1
1587 49 1
511 612 6
706 788 8
263 1347 2
1473 1355 6
1425 1578 6
1722 794 6
635 952 4
909 524 6
1508 740 5
1306 841 5
1585 1647 1
1011 1563 8
1154 1129 8
587 425 5
1325 1148 7
706 1357 3
10 173 6
862 1047 2
24 365 3
883 342 3
262 1288 2
183 116 1
1651 1729 6
1451 1547 4
952 528 3
1347 1530 8
1494 680 8
1499 807 7
944 1283 2
3 545 1
116 1190 2
606 1254 1
455 1555 2
764 1244 8
1693 1263 4
534 1288 4
1375 172 7
866 120 5
918 463 3
1717 927 8
197 1685 4
31 1603 7
339 309 5
908 127 1
1187 839 4
1551 593 1
1173 809 4
194 1678 5
546 1071 2
270 1127 6
563 64 4
658 726 6
1041 585 2
851 756 3
396 1108 7
175 619 3
538 143 8
1032 1518 2
1416 754 6
1544 499 2
340 1531 4
452 1402 5
1534 640 4
1039 61 6
557 61 3
395 1244 4
1492 1022 1
1586 374 2
1191 876 8
221 990 3
1603 1082 5
1105 1508 4
1333 396 7
956 738 7
1596 636 2
461 89 8
896 1173 3
335 250 7
125 895 7
478 529 8
716 1321 6
1427 1130 6
1082 1248 5
1646 1494 7
868 695 1
1578 1296 6
1588 35 3
160 1735 2
940 1609 2
955 1674 6
801 536 7
1049 56 4
1457 1175 8
796 99 2
1002 65 8
1433 714 3
1742 1545 6
69 1677 6
602 1629 6
281 783 4
